{
 "metadata": {
  "name": "",
  "signature": "sha256:c458bb30fa35446671316a8d869b4f3383c092c5f6bea3578c846f7e80d6faa5"
 },
 "nbformat": 3,
 "nbformat_minor": 0,
 "worksheets": [
  {
   "cells": [
    {
     "cell_type": "code",
     "collapsed": false,
     "input": [
      "%pylab inline"
     ],
     "language": "python",
     "metadata": {},
     "outputs": [
      {
       "output_type": "stream",
       "stream": "stdout",
       "text": [
        "Populating the interactive namespace from numpy and matplotlib\n"
       ]
      }
     ],
     "prompt_number": 558
    },
    {
     "cell_type": "code",
     "collapsed": false,
     "input": [
      "import numpy as np\n",
      "import random\n",
      "from matplotlib import pyplot as plt\n",
      "plt.rcParams['figure.figsize'] = (10.0, 8.0)\n",
      "\n",
      "from sklearn.datasets import make_biclusters\n",
      "from sklearn.datasets import samples_generator as sg\n",
      "# from sklearn.cluster.bicluster import SpectralCoclustering\n",
      "from sklearn.metrics import consensus_score"
     ],
     "language": "python",
     "metadata": {},
     "outputs": [],
     "prompt_number": 559
    },
    {
     "cell_type": "markdown",
     "metadata": {},
     "source": [
      "#Sintetic Dataset"
     ]
    },
    {
     "cell_type": "code",
     "collapsed": false,
     "input": [
      "%%latex\n",
      "Generated by:\n",
      "$$x_i = c + \\mathcal{N}(0,1)$$\n",
      "where $c$ is the center of the bicluster."
     ],
     "language": "python",
     "metadata": {},
     "outputs": [
      {
       "latex": [
        "Generated by:\n",
        "$$x_i = c + \\mathcal{N}(0,1)$$\n",
        "where $c$ is the center of the bicluster."
       ],
       "metadata": {},
       "output_type": "display_data",
       "text": [
        "<IPython.core.display.Latex at 0x11d20db90>"
       ]
      }
     ],
     "prompt_number": 560
    },
    {
     "cell_type": "code",
     "collapsed": false,
     "input": [
      "def generate_data(shape, n_clusters, noise, shuffle=0, random_state=0):\n",
      "    n, m = shape\n",
      "\n",
      "    data, rows, columns = make_biclusters(\n",
      "        shape=shape,\n",
      "        n_clusters=2,\n",
      "        noise=1,\n",
      "        shuffle=False,\n",
      "        random_state=0\n",
      "    )\n",
      "    data = data + (-np.min(data))\n",
      "    return data\n",
      "\n",
      "shape = (10,12)\n",
      "n_clusters = 2\n",
      "noise = 1\n",
      "\n",
      "data = generate_data(shape, n_clusters, noise)\n",
      "min_value = np.min(data)\n",
      "max_value = np.max(data)\n",
      "data"
     ],
     "language": "python",
     "metadata": {},
     "outputs": [
      {
       "metadata": {},
       "output_type": "pyout",
       "prompt_number": 597,
       "text": [
        "array([[ 62.98705595,  60.14222008,  62.06958637,  60.96814075,\n",
        "         61.0162791 ,  61.53009646,   1.87032617,   3.18055611,\n",
        "          2.48732033,   1.84795762,   2.17014584,   2.05995693],\n",
        "       [ 62.61357703,  60.91433969,  61.43256566,  60.26540222,\n",
        "         58.56650814,  61.77311655,   2.5907188 ,   0.98411758,\n",
        "          3.99603723,   0.27191693,   1.77204112,   1.53909875],\n",
        "       [ 62.65227717,  62.58885673,  61.27444538,  61.49766048,\n",
        "         60.23171221,  59.13870149,   1.37837045,   1.88263157,\n",
        "          2.95657328,   2.92866245,   1.33895578,   1.42397985],\n",
        "       [ 60.07094499,  59.69948002,  59.41322777,  63.07027335,\n",
        "         60.60984577,  60.68142365,   0.47348724,   2.50377296,\n",
        "          0.11238475,   1.51354232,   0.83081604,   2.1131851 ],\n",
        "       [ 60.60869282,  59.93886577,  61.09131573,  61.54782983,\n",
        "         61.18601518,  61.42196985,   1.09196051,   1.36354144,\n",
        "          1.05382215,   1.36672944,   0.91313632,   0.        ],\n",
        "       [  1.90370874,   1.32450167,   0.09608426,   2.18906486,\n",
        "          0.81898424,   1.778228  ,  76.82241614,  76.22230849,\n",
        "         77.23272626,  74.85849976,  76.49566722,  75.40851548],\n",
        "       [  0.85548545,   1.14743294,   1.41473007,   1.78244794,\n",
        "          0.56113276,   2.62710909,  76.55898802,  74.55708189,\n",
        "         77.58157777,  77.98921475,  77.27210515,  75.91340074],\n",
        "       [  0.65552998,   2.78073433,   1.32310566,   2.94872767,\n",
        "          1.93455758,   2.70292164,  76.44969197,  76.79989874,\n",
        "         76.1038256 ,  77.87919607,  76.22023767,  76.49531494],\n",
        "       [  3.6094333 ,   0.37852354,   0.4557976 ,   2.69567931,\n",
        "          0.5531592 ,   3.66990379,  75.6797066 ,  75.34587076,\n",
        "         78.0162676 ,  77.57384037,  77.96088454,  76.99937023],\n",
        "       [  0.86505692,   3.63634756,   1.45827923,   2.528739  ,\n",
        "          2.67353457,   1.57127251,  76.70740495,  77.01553225,\n",
        "         76.46975111,  74.99392479,  76.39156375,  77.41971147]])"
       ]
      }
     ],
     "prompt_number": 597
    },
    {
     "cell_type": "code",
     "collapsed": false,
     "input": [
      "plt.matshow(data, cmap=plt.cm.Blues)\n",
      "plt.title(\"Original dataset\")"
     ],
     "language": "python",
     "metadata": {},
     "outputs": [
      {
       "metadata": {},
       "output_type": "pyout",
       "prompt_number": 598,
       "text": [
        "<matplotlib.text.Text at 0x122f979d0>"
       ]
      },
      {
       "metadata": {},
       "output_type": "display_data",
       "png": "iVBORw0KGgoAAAANSUhEUgAAAi8AAAHyCAYAAAAjnC4oAAAABHNCSVQICAgIfAhkiAAAAAlwSFlz\nAAALEgAACxIB0t1+/AAAFwpJREFUeJzt3X2UZAdd5+Fvd1XPC5kEYZcNeSODKLsEdtEsuAh5QeGs\nqIB4FjwsekDw7O7ZdQXXVQgiS1BRRDn4sgdfUCFRIEDAFzzurrLHzAybSJAEhLwgcRESQsJbksmE\nDDPdXf5x7ySVZrqrKqnq27/q5zmnz9TL7Vu/vqem6jP33upJAAAAAAAAAAAAAAAAAAAAALasVyZ5\nywyWHWU1yTeOueyFSf5gSo8LAGwhP5zk40nuSvL5JG9O8uAuB9rAJPHymowfL29L8nP3Z6AJbdbj\nAGNa7HoAYGL/Pcnr2z9PSvKkJGcm+cskS+t8T29zRgMAuK+TktyZ5Llrbj8hyReSvLi9fmGSS9Ps\nxbgjyY/k6w/JvDDJZ5J8KcnPJPmHJN859P3Hlt2bZu/JseW/mOSnh9bzbUmuSHJbkpuT/EbuG1Eb\n7Xl5ZJJ9SQ4m+Yv2e4dnfE+aPUu3t8ud1d7+H5McSfK1NNvjT9rbL0hyQ7u+a5I8Z2hd39Su4/b2\nZ7hk6L5/kSb+vpzk+iTPG/E4AMCYnpHkaI6/1/RtSd7RXr4wzZvus9vru3LfQzJnpXkzfnKa0Pjl\ndvlj8TK87N40AfLbSXYm+VdJDif55+39Z6cJmMU0e4CuTfKyobk2ipcrkvxKO8O5aaLj4qH7fzhN\nmC0leVOSq4fue2uSn12zvucmeXh7+QeSHEpycnv9nWnO5UmSHe3Pnnb9NyZ5UfszfEuauHnMBo8D\ndMhhI6jln6bZU7J6nPtuae8/5vIkf9pePpxkYei+57b3XZ4mhv5HksHQ/cPLHvPaNHsg/jbJx9K8\nySfJVUmubGf6TJLfSXL+GD/LI5I8Icmr2xkOJHn/msd+W5rzeo62j//4JCduMOelabZDkrw7yafS\nhFXSxNneJKe1ly9vb39mkk8nuaj9GT6a5H25d+/LwnEeB+iQeIFavpQmUI73d/eUNHsMjrlpg/Wc\nuub+u9McMtnILUOXv5pmj0WSPDrJn6U5vHNHktcl+Scj1nVshtvaxz7mM0OXe2nO7bmhXe+n29uH\nA22tF6bZO3Nb+/W4oeVfniZCrkzyidx7iO3MJP9m6HtuS/KC3LvHZjjqgC1AvEAtV6TZ+/Hv1ty+\nJ80hpf87dNtGb7o3Jzl96PrujBccx/ObaQ4VfVOaTzy9KuO9tnw+yUOSPGjotjNz79wvSHPY62nt\neh/Z3n5sL8jan+/MNHt9fjTJQ9t1f2Jo+VvTnMNyWpL/lOYTWo9K8tk058I8ZOjrxHY9x3scoGPi\nBWq5I83hk99I8l1pzgXZm+YQyY0Z/2PG703yrCTfnub8jwtz/w+N7Elz/sxX05z4+p/H/L7PJPmb\nND/PUpJz0hzCGV7v15J8Jc1enl9Y8/235r7n0pyQJjS+lOa17cVp9rwc87zcG2y3t8uupNlr9Ogk\nP9TOsZTkie3PcrzHATomXqCeX07zaZ9fSRMzf50mBJ6W5tyQpHljXrvHYPi2a5L8WJpP3NycJj6+\nkCYWjvf9G+19+Mk0e0kOptnzcckE3/uCNIdsvpLmvJuLhu67uP25PpdmD8oVa9b1e2lOPL4tzTkq\n1yZ5Y7vcLWnC5YNDyz8hzbY69qmhl6b5hNWhJP82yfPbx/p8kl9ME3XHexwAYAvYkyZ8zux6EACA\n9TwrzfkmJyT5rSQf6XYcAICNvSXNoZDb0/yCtm/udhwAAAAAAAAAAAAAAAAAAAAAAAAAAAAAAACA\nDT0jyfVJPpXkFR3PMq/OSPJXSa5J8okkL+12nLnWS3J1kvd3Pcic+oYklya5Lsm1SZ7U7Thz6ZVp\nXis+nuQdSXZ2O87c+P0kt6bZrsc8NM3/NfZ3Sf4izfObAnpJbkiyN8lSko8meUyXA82phyf5lvby\nniSfjO08Kz+R5O1J/rTrQebURUle0l7uJ3lwh7PMo71J/n/uDZZ3JXlRZ9PMl3OTfGvuGy9vSPLy\n9vIrkrx+s4fi/vn2JP976PoF7Rez9cdJntb1EHPo9CQfSPIdsedlFh6c5o2V2Xlomn/cPCRNHL4/\nydM7nWi+7M194+X6JCe3lx/eXmeNxa4HOI7Tktw4dP2m9jZmZ2+a+v9Qx3PMozcl+akkq10PMqce\nmeSLSd6a5Kokb0nyoE4nmj9fSfLGJJ9NcnOS29MEObNxcppDSWn/PHmDZbetrRgvg64H2Gb2pDlf\n4GVJDnU8y7x5ZpIvpDnfZaHjWeZVP8nZSd7c/nlX7Kmdtkcl+fE0/8g5Nc1rxg92OdA2Moj3xOPa\nivHyuTQnkx5zRpq9L0zfUpL3JvnDNIeNmK4nJ3l2kk8neWeS70xycacTzZ+b2q8Pt9cvTRMxTM8T\nklye5MtJlpO8L81zm9m4Nc3hoiQ5Jc0/gCign+Tv01T+jjhhd1YW0ryRvqnrQbaJ8+Ocl1nZn+TR\n7eULk/xSd6PMpcen+UTi7jSvGxcl+dFOJ5ove/P1J+we+5TtBXHCbinfneYEsRvSfESP6TsnzXkY\nH01zWOPqNB9RZzbOj08bzcrj0+x5+ViavQI+bTR9L8+9H5W+KM1eWx64d6Y5j+hImnM9X5zmBOkP\nxEelAQAAAAAAAAAAAICuPOBfnNU/+TGD5Vuvm8YsAABJkqece17+34H9x+2UafzWz8HDXvKuKazm\n69111XtywtnPm/p6d+6u9R+iHj1ydGbrPvSRd2fPv/6Bqa+31+tNfZ1VHfzwJTnpic+fyboHg1q/\nfPOTv/qcma37F37+tfnpn3nN1Ne7slprGyfJwox+n/Mv/vxr88oZbOMkWZzV0DMyq2fFLLdxrS2c\nnLS7l6wz9lb8DbsAAOsSLwBAKVs6XpZOOavrEebejlMe2/UIc2/nqY/reoRt4dzzzu96hLl3jm08\nc7bxeLb0OS+z4pyX2XPOy+ZwzsvsOedlczjnZfZqbWHnvAAAc0S8AACliBcAoBTxAgCUIl4AgFLE\nCwBQingBAEoRLwBAKeIFAChFvAAApYgXAKAU8QIAlDJOvDwjyfVJPpXkFbMdBwBgY6PipZfkf6YJ\nmLOS/Pskj5n1UAAA6xkVL9+W5IYk/5DkaJJLknzfjGcCAFjXqHg5LcmNQ9dvam8DAOjEqHgZbMoU\nAABj6o+4/3NJzhi6fkaavS/3cddV77nn8tIpZ2XHKY+dynAAwPZwYP9lObB/31jLLoy4v5/kk0me\nluTmJFemOWn3uqFlBg97ybvux5jd2bl7Z9cjTOTokaNdjzCxXq/X9QjbwmBQa+foJ3/1OV2PMLGV\n1VrbOEkWRr2yb0GLxYau96wY/Ya/1Zy0u5esM/aoPS/LSf5rkv+T5pNHv5f7hgsAwKYaFS9J8r/a\nLwCAzvkNuwBAKeIFAChFvAAApYgXAKAU8QIAlCJeAIBSxAsAUIp4AQBKES8AQCniBQAoRbwAAKWI\nFwCgFPECAJQiXgCAUsQLAFCKeAEAShEvAEAp/WmsZGFhYRqr2TSrq6tdjzCRxcV6jbnYqzdzf2kq\nfx021eGvHu56hImsDgZdjzCxpX695/LhoytdjzCxE3b2uh5hIssrtd5H5k29v5UAwLYmXgCAUsQL\nAFCKeAEAShEvAEAp4gUAKEW8AACliBcAoBTxAgCUIl4AgFLECwBQingBAEoRLwBAKeIFAChFvAAA\npYgXAKAU8QIAlCJeAIBSxAsAUIp4AQBKES8AQCniBQAoRbwAAKWIFwCgFPECAJQiXgCAUsQLAFCK\neAEAShEvAEAp4gUAKEW8AACliBcAoBTxAgCUIl4AgFLECwBQingBAEoRLwBAKeIFAChFvAAApYgX\nAKAU8QIAlCJeAIBSxAsAUIp4AQBK6Xc9QBeWjyx3PcJEev1e1yNMbGV5pesRtoUdu3Z0PcJEeosL\nXY8wsdXVQdcjTKzidj58tNZrRr/gNp4n9rwAAKWIFwCgFPECAJQiXgCAUsQLAFCKeAEAShEvAEAp\n4gUAKEW8AACliBcAoBTxAgCUIl4AgFLECwBQingBAEoRLwBAKeIFAChFvAAApYwTL2ck+ask1yT5\nRJKXznQiAIAN9MdY5miS/5bko0n2JPlIkr9Mct0M5wIAOK5x9rzckiZckuRQmmg5dWYTAQBsYNJz\nXvYm+dYkH5r+KAAAo00SL3uSXJrkZWn2wAAAbLpxznlJkqUk703yh0n+eO2dh6569z2Xd5zy2Ow4\n5bFTGQ4A2B4O7LssB/bvG2vZhTGXuSjJl9OcuLvW4J/9yLuPczPT0uv3uh5hW6i4nRd7tX7bwTVv\n+N6uR5jYYND1BJNbqTh0Mf3Fcd4+eSBO3NVL1umUcV75npLkh5J8R5Kr269nTGs4AIBJjHPY6IPx\ny+wAgC1ClAAApYgXAKAU8QIAlCJeAIBSxAsAUIp4AQBKES8AQCniBQAoRbwAAKWIFwCgFPECAJQi\nXgCAUsQLAFCKeAEAShEvAEAp4gUAKEW8AACl9Kexkh27dkxjNZtmcbFYsy10PcDk7j50d9cjTGyx\nV+x5kWT56HLXI0ykt1jvyXxkebXrESa2a6nX9QgTW16ptZ0XF+o9l1dWB12PMDX1Xq0BgG1NvAAA\npYgXAKAU8QIAlCJeAIBSxAsAUIp4AQBKES8AQCniBQAoRbwAAKWIFwCgFPECAJQiXgCAUsQLAFCK\neAEAShEvAEAp4gUAKEW8AACliBcAoBTxAgCUIl4AgFLECwBQingBAEoRLwBAKeIFAChFvAAApYgX\nAKAU8QIAlCJeAIBSxAsAUIp4AQBKES8AQCniBQAoRbwAAKWIFwCgFPECAJQiXgCAUsQLAFCKeAEA\nShEvAEAp4gUAKEW8AACliBcAoBTxAgCU0p/GSgaDwTRWs2mqzbtydKXrESbWX5rKU2tTDVZrPS+S\nes/lgps4vcWFrkeY2ErFDc3MLfXnZ3/F/PwkAMC2IF4AgFLECwBQingBAEoRLwBAKeIFAChFvAAA\npYgXAKAU8QIAlCJeAIBSxAsAUIp4AQBKES8AQCniBQAoRbwAAKWIFwCgFPECAJQybrz0klyd5P0z\nnAUAYKRx4+VlSa5NMpjhLAAAI40TL6cn+Z4kv5tkYbbjAABsbJx4eVOSn0qyOuNZAABGGhUvz0zy\nhTTnu9jrAgB0rj/i/icneXaaw0a7kpyU5OIkLxxe6OCVl9xzeedpj8vO0x433SkBgLm2f99l2b/v\nsrGWnWRvyvlJfjLJs9bcPjjtv/zRBKvp3uJirU+IryyvdD3CxAaDeud2LyzU27lYbTt/6te/v+sR\nJlZtGyeey5thseA2XlysNfPupYVknU6Z9F281rMLAJg7ow4bDdvXfgEAdKbW8RMAYNsTLwBAKeIF\nAChFvAAApYgXAKAU8QIAlCJeAIBSxAsAUIp4AQBKES8AQCniBQAoRbwAAKWIFwCgFPECAJQiXgCA\nUsQLAFCKeAEAShEvAEApC1NYx+Dg3StTWM3mWZjGT72J+r16jXlkebXrESbWXyz2xEiyOhh0PcJE\nHvaUn+h6hMkt9rqeYHIry11PMLlde7qeYDJH7u56gsn1d3Q9wUQO//UvJet0Sr13RQBgWxMvAEAp\n4gUAKEW8AACliBcAoBTxAgCUIl4AgFLECwBQingBAEoRLwBAKeIFAChFvAAApYgXAKAU8QIAlCJe\nAIBSxAsAUIp4AQBKES8AQCniBQAoRbwAAKWIFwCgFPECAJQiXgCAUsQLAFCKeAEAShEvAEAp4gUA\nKEW8AACliBcAoBTxAgCUIl4AgFLECwBQingBAEoRLwBAKeIFAChFvAAApYgXAKAU8QIAlCJeAIBS\nxAsAUIp4AQBKES8AQCniBQAoRbwAAKX0p7GS3uLCNFazaQZdDzCh5ZXVrkeYWLGnRJJkoeDMKyvF\nns0LBf+9tGN31xNM7qt3dD3B5KrNvNjreoLJra50PcHUFHwlAQC2M/ECAJQiXgCAUsQLAFCKeAEA\nShEvAEAp4gUAKEW8AACliBcAoBTxAgCUIl4AgFLECwBQingBAEoRLwBAKeIFAChFvAAApYgXAKCU\nceLlG5JcmuS6JNcmedJMJwIA2EB/jGV+LcmfJ3luu/wJM50IAGADo+LlwUnOTfKi9vpykjtmOhEA\nwAZGHTZ6ZJIvJnlrkquSvCXJg2Y9FADAekbFSz/J2Une3P55V5ILZj0UAMB6Rh02uqn9+nB7/dIc\nJ15e93MX3nP53POemvPOf+p0pgMAtoWVg5/N6sEbx1p2VLzckuTGJI9O8ndJnp7kmrULverVF042\nIQDAkN5Jj0jvpEfcc33l5ivWXXacTxv9WJK3J9mR5O+TvPgBzgcAcL+NEy8fS/LEWQ8CADAOv2EX\nAChFvAAApYgXAKAU8QIAlCJeAIBSxAsAUIp4AQBKES8AQCniBQAoRbwAAKWIFwCgFPECAJQiXgCA\nUsQLAFCKeAEAShEvAEAp4gUAKEW8AACl9LseoAtHV1a7HmEi/cWFrkeY2PLqoOsRJjaoN3I9C/We\nyzl8qOsJJre0q+sJJnfk7q4nmEyv4Nvn6krXE0yNPS8AQCniBQAoRbwAAKWIFwCgFPECAJQiXgCA\nUsQLAFCKeAEAShEvAEAp4gUAKEW8AACliBcAoBTxAgCUIl4AgFLECwBQingBAEoRLwBAKeIFAChF\nvAAApYgXAKAU8QIAlCJeAIBSxAsAUIp4AQBKES8AQCniBQAoRbwAAKWIFwCgFPECAJQiXgCAUsQL\nAFCKeAEAShEvAEAp4gUAKEW8AACliBcAoBTxAgCUIl4AgFLECwBQingBAEoRLwBAKeIFAChFvAAA\npfSnsZKvLa9OYzWbZteSZpu1ldVB1yNMrN9b6HqEid19pNbfvSz2up5gcr2lrieY3OFDXU8wuYVi\nf/+Ofq3rCSbXm8pb/pbgXRwAKEW8AACliBcAoBTxAgCUIl4AgFLECwBQingBAEoRLwBAKeIFAChF\nvAAApYgXAKAU8QIAlCJeAIBSxAsAUIp4AQBKES8AQCniBQAoZZx4eWWSa5J8PMk7kuyc6UQAABsY\nFS97k/yHJGcn+ZdJekmeP+OZAADW1R9x/8EkR5M8KMlK++fnZj0UAMB6Ru15+UqSNyb5bJKbk9ye\n5AOzHgoAYD2j4uVRSX48zeGjU5PsSfKDM54JAGBdow4bPSHJ5Um+3F5/X5InJ3n78EKvf91r77l8\nzrnn55zznjq9CQGAubdy501ZvfOmsZYdFS/XJ3l1kt1JDid5epIr1y50wateM+GIAAD36p14enon\nnn7P9ZXPf2jdZUcdNvpYkouT/E2Sv21v+50HOB8AwP02as9Lkryh/QIA6JzfsAsAlCJeAIBSxAsA\nUIp4AQBKES8AQCniBQAoRbwAAKWIFwCgFPECAJQiXgCAUsQLAFCKeAEAShEvAEAp4gUAKEW8AACl\niBcAoBTxAgCUIl4AgFL601jJzn6tBjp8dLXrESay1FvoeoRt4chyredFkuwo9ncvK8tdTzC5Qb3n\nRZZ2dj3B5Po7up5gMstHup5gchVnXkexVz4AYLsTLwBAKeIFAChFvAAApYgXAKAU8QIAlCJeAIBS\nxAsAUIp4AQBKES8AQCniBQAoRbwAAKWIFwCgFPECAJQiXgCAUsQLAFCKeAEAShEvAEAp4gUAKEW8\nAACliBcAoBTxAgCUIl4AgFLECwBQingBAEoRLwBAKeIFAChFvAAApYgXAKAU8QIAlCJeAIBSxAsA\nUIp4AQBKES8AQCniBQAoRbwAAKWIFwCgFPECAJQiXgCAUsQLAFDKlo6X/fsu63qEuXfANp65A/sv\n63qEbWHl4I1djzD3bOPZs43Hs6XjxYv+7B3Yv6/rEebeB23jTbF6501djzD3Vu/0xjprtvF4tnS8\nAACsJV4AgFIWprCOy5KcP4X1AAAcsy/JU7seAgAAAAAAAAAAAAAAANjK/hGtWA5oj400mQAAAABJ\nRU5ErkJggg==\n",
       "text": [
        "<matplotlib.figure.Figure at 0x11da05f10>"
       ]
      }
     ],
     "prompt_number": 598
    },
    {
     "cell_type": "code",
     "collapsed": false,
     "input": [
      "data_shuffled, row_idx, col_idx = sg._shuffle(data, random_state=0)\n",
      "data_shuffled"
     ],
     "language": "python",
     "metadata": {},
     "outputs": [
      {
       "metadata": {},
       "output_type": "pyout",
       "prompt_number": 599,
       "text": [
        "array([[  2.92866245,   1.33895578,  61.49766048,  59.13870149,\n",
        "         62.58885673,  61.27444538,   1.42397985,  62.65227717,\n",
        "          2.95657328,   1.37837045,   1.88263157,  60.23171221],\n",
        "       [ 77.57384037,  77.96088454,   2.69567931,   3.66990379,\n",
        "          0.37852354,   0.4557976 ,  76.99937023,   3.6094333 ,\n",
        "         78.0162676 ,  75.6797066 ,  75.34587076,   0.5531592 ],\n",
        "       [  1.36672944,   0.91313632,  61.54782983,  61.42196985,\n",
        "         59.93886577,  61.09131573,   0.        ,  60.60869282,\n",
        "          1.05382215,   1.09196051,   1.36354144,  61.18601518],\n",
        "       [ 74.99392479,  76.39156375,   2.528739  ,   1.57127251,\n",
        "          3.63634756,   1.45827923,  77.41971147,   0.86505692,\n",
        "         76.46975111,  76.70740495,  77.01553225,   2.67353457],\n",
        "       [  0.27191693,   1.77204112,  60.26540222,  61.77311655,\n",
        "         60.91433969,  61.43256566,   1.53909875,  62.61357703,\n",
        "          3.99603723,   2.5907188 ,   0.98411758,  58.56650814],\n",
        "       [ 77.98921475,  77.27210515,   1.78244794,   2.62710909,\n",
        "          1.14743294,   1.41473007,  75.91340074,   0.85548545,\n",
        "         77.58157777,  76.55898802,  74.55708189,   0.56113276],\n",
        "       [ 77.87919607,  76.22023767,   2.94872767,   2.70292164,\n",
        "          2.78073433,   1.32310566,  76.49531494,   0.65552998,\n",
        "         76.1038256 ,  76.44969197,  76.79989874,   1.93455758],\n",
        "       [  1.51354232,   0.83081604,  63.07027335,  60.68142365,\n",
        "         59.69948002,  59.41322777,   2.1131851 ,  60.07094499,\n",
        "          0.11238475,   0.47348724,   2.50377296,  60.60984577],\n",
        "       [  1.84795762,   2.17014584,  60.96814075,  61.53009646,\n",
        "         60.14222008,  62.06958637,   2.05995693,  62.98705595,\n",
        "          2.48732033,   1.87032617,   3.18055611,  61.0162791 ],\n",
        "       [ 74.85849976,  76.49566722,   2.18906486,   1.778228  ,\n",
        "          1.32450167,   0.09608426,  75.40851548,   1.90370874,\n",
        "         77.23272626,  76.82241614,  76.22230849,   0.81898424]])"
       ]
      }
     ],
     "prompt_number": 599
    },
    {
     "cell_type": "code",
     "collapsed": false,
     "input": [
      "plt.matshow(data_shuffled, cmap=plt.cm.Blues)\n",
      "plt.title(\"Shuffled dataset\")"
     ],
     "language": "python",
     "metadata": {},
     "outputs": [
      {
       "metadata": {},
       "output_type": "pyout",
       "prompt_number": 600,
       "text": [
        "<matplotlib.text.Text at 0x11d9fe390>"
       ]
      },
      {
       "metadata": {},
       "output_type": "display_data",
       "png": "iVBORw0KGgoAAAANSUhEUgAAAi8AAAHyCAYAAAAjnC4oAAAABHNCSVQICAgIfAhkiAAAAAlwSFlz\nAAALEgAACxIB0t1+/AAAF2tJREFUeJzt3XuQpXV95/FPX+bCOCLoGoVx1nE1uCjGQBFXlLkksbKY\ntbJZs5XEzVYSs5VsEhOIVwirCyhBQ7SQaJKKrDG6MUYWsq5u6Sa6i8wggoKiXL0l4TLIRUBuyjAz\n3fvH7/TQjNPT/cyc0898e16vqlNzLs8859unek6/+7mcSQAAAAAAAAAAAAAAAAAAAAB686tJtuzH\n3/93SW5N8mCSFyZ5bpJrkjyQ5HeT/GWSt+3jurv83XVJppKM7+NzAUucNweo5cQklyf5bpJ7klyW\n5PghrfudSX47yROTfCXJm5L83ySHJnlPkunBZV/sz9/dm01pwTVqi/U8wAJM9j0AsGCHJvnfSf5z\nkguTrEiyPsm2Iax7LMk/T3LDrPuemRZKuy+3P88BsN9seYE6jkrbevHRwZ+PJPl0kmt3W+6Pktyb\n5B+SnDTr/n9K8pOzbp+Z5L8nWZ62q2gibYvLN9O2uGxK8t603UY/vId5XpG2W+m+JJ9L8oJZjx2b\n5EuDv/s3SVbu5esaT9vqc3eSbyX5N7s9/uq0qHpg8PhvDO5/QpJPJTlyMP8DSZ6e5EVJPj+Y6/a0\nrUbLZq3vvCR3Jrk/yVeTPH9w/4rBHDcnuSPJnw3mnut5AIB5PDHJd9KOHzkpyeG7Pf6rSR5N8p/S\ntnL8ZpKtsx7/xyQ/Mev2GWnxMmMqyb+YdfuSJL826/YH8thxK8emBcCPDZ7rlwfrX5YWQzcnOSUt\niH5uMNdb5/i6fjPJjUnWDL6mS5LszGO/XP10kmcNrm9I8vDg+ZNkY35wd85xaQEznrb16IbBLEny\nr5NclbYVK2nH9cyEyHlJPpbksCSrk3w8yTl7eR6gJ7a8QB0Pph3zMp3kgiR3JflfSX5o1jI3J3n/\nYJkPJTlit8e72n1Xz8xxK7+R5M+TfHHWc21LckKSF6ftkj4/LUIuHiw3l59PC4etaVtLztnteT+Z\nFkZJsjnJ36ftLtvTfEnb4vOFtBi7Ocn70uIjSbanReDRae9/X0vbyjKW5NeTvC7teKKHkrw9yS/u\n5XmAnogXqOWmtN0oa5Mck7Yr492zHr9j1vXvDf5cvR/PN9dBts9M8vq02Ji5PCMtlo7M47f4JC0i\n5gqAI/L4rRq37Pb4y5NckXaA8n1pW2KespeZj0o7NujbabuG/mDW8v8vbVfYn6RtOfrztJh5apJV\nSa6e9fV8Ksk/28vzAD0RL1DX15J8MC1iFuLhtOM3ZhyxH899S1oUHD7rsjrteJxvp+0Cmu2ZmTuE\nvp12sPCM2ddXpG25OTdtC9LhaVtiZkJoT+v8s7RdRc9J8qQk/yWPf697T9oZWs9LC503ph1v8/3B\nfTNfz2F5bPfSKM6UAvaReIE6npu2W2MmDNYmeVXawakLcU3abpDJtB/eP5f5fyiP7XZ95vYFaceq\nvGhw3xPSDrRdnXaG0o4kJ6cdA/PKtGNj5nLhYNmZY15Om/XY8sHlO2m7gV6e5KdmPX5n2laVQ2fd\ntzptF9v3kvzLJL816+s8Psm/Gsz1vbSDnnfmsV1x707bCpPBPDPPtafnAXoiXqCOB9N+8F6ZdkzG\n59POlnn94PE9fZbK7NtvSfLstF0iZyb58F6W3dN9s9d/ddoxIu9NO7PpG2kH7SbtuJJXph1AfE/a\nMS0X7+XruiDJ36Wd6XTVYNmZ53kwLWwuHDzPq9KO85lxU5KPpJ1ZdW/awbdvSPIf0s4Kel/a2U4z\nDh3cd2/a2VffSTs7K0lOTTvT6oq03U2fTtsyM9fzAAAAAAAAAAAAAAAAAAAAAAAAAAAAAAAAAAAA\nAAAAALDoTkr7L+i/kfbf1DN8a5NckuT6JNclObnfcZa0iSRfTvKJvgdZog5LclGSG5PckOTF/Y6z\nJP1+2nvFtUn+OsmKfsdZMv4iyZ1pr+uMJyf5dJKvJ/n7tO9vCphI8s0k65IsS3JNkqP7HGiJenqS\nHx1cX53ka/E6j8rrknw4ycf7HmSJ+mCSXxtcn0zypB5nWYrWJfmHPBYsH03yK71Ns7SsT3JsHh8v\n5yZ50+D6qUnesdhDsW9OSPJ/Zt0+bXBhtD6W5Cf7HmIJekaSzyT58djyMgpPSvvByug8Oe2Xm8PT\n4vATSV7W60RLy7o8Pl5uSvK0wfWnD26zm/G+B9iDNUlunXX7tsF9jM66tPq/suc5lqLzkrwxyVTf\ngyxRz0pyd5IPJPlSkguSrOp1oqXn3iTvSnJLktuTfDctyBmNp6XtSsrgz6ftZdmD1oEYL9N9D3CQ\nWZ12vMApSR7qeZal5hVJ7ko73mWs51mWqskkxyX508GfD8eW2mF7dpLfS/sl58i094xf6nOgg8h0\n/EzcowMxXramHUw6Y23a1heGb1mSi5P8VdpuI4brJUl+Jsk/JvlIkp9I8qFeJ1p6bhtcvji4fVFa\nxDA8xye5PMk9SXYk+du0721G48603UVJckTaL0AUMJnkW2mVvzwO2B2VsbQfpOf1PchBYmMc8zIq\nm5McNbh+ZpI/7G+UJemFaWckHpL2vvHBJK/pdaKlZV1+8IDdmbNsT4sDdkt5edoBYt9MO0WP4Tsx\n7TiMa9J2a3w57RR1RmNjnG00Ki9M2/LylbStAs42Gr435bFTpT+YttWW/feRtOOIHk071vPVaQdI\nfyZOlQYAAAAAAAAAAAAA+rLfH5z10hM3TH/uss3DmAUAIEmy/Mjn59Hbr99jpwzjUz+n7/vejiGs\n5ge94+yzctqbzxj6eifHa33Y6VGnjO7z4x686qN54vG/MPT1LltR70zKRx5+ZCTrfehLF2b1cT8/\nknVPTE6MZL2j8vXzf3Zk6z7nbWfl9LcM//3i2a+5eOjrHLWvveeVI1nvqN6Tk3rvy9Mj+tzbc84+\nK6eP6DV+3htqfdTUbX/ys8kcnXIgfsIuAMCcxAsAUMoBHS8nbtjY9whL3vIjn9/3CEve8iO8xoth\nvfeLkfOePHq+jxfmAI+XTX2PsOStOPKYvkdY8sTL4li/cVPfIyx53pNHb73XeEEO6HgBANideAEA\nShEvAEAp4gUAKEW8AACliBcAoBTxAgCUIl4AgFLECwBQingBAEoRLwBAKeIFAChlIfFyUpKbknwj\nyamjHQcAYO/mi5eJJO9NC5jnJXlVkqNHPRQAwFzmi5cXJflmkn9Ksj3J3yT5tyOeCQBgTvPFy5ok\nt866fdvgPgCAXswXL9OLMgUAwAJNzvP41iRrZ91em7b15XHecfZZu66fuGFjTtywaRizAQAHiUe2\nXpttW69b0LLzxctVSX44yboktyf5hbSDdh/ntDef0W1CAIBZVq55QVauecGu2w9+8aNzLjtfvOxI\n8jtJ/i7tzKP3J7lx/0cEANg388VLknxqcAEA6J1P2AUAShEvAEAp4gUAKEW8AACliBcAoBTxAgCU\nIl4AgFLECwBQingBAEoRLwBAKeIFAChFvAAApYgXAKAU8QIAlCJeAIBSxAsAUIp4AQBKGRvCOqZX\nHvs7Q1jNIpqe7nuCTu64/Py+R+hs51St1zhJDlk+0fcIS96TT3ht3yN0dvvmd/U9QmdHvvSUvkfo\nbsWqvifoZqze7/73bn573yN0smr5eDJHp9R79QGAg5p4AQBKES8AQCniBQAoRbwAAKWIFwCgFPEC\nAJQiXgCAUsQLAFCKeAEAShEvAEAp4gUAKEW8AACliBcAoBTxAgCUIl4AgFLECwBQingBAEoRLwBA\nKeIFAChFvAAApYgXAKAU8QIAlCJeAIBSxAsAUIp4AQBKES8AQCniBQAoRbwAAKWIFwCgFPECAJQi\nXgCAUsQLAFCKeAEAShEvAEAp4gUAKEW8AACliBcAoBTxAgCUIl4AgFLECwBQingBAEoRLwBAKeIF\nAChlchgrufvz5w9jNYtmfGys7xE6ec7J/7PvEQ4Kk8uG8s9hUe3csbPvETq574p39z1CZ8855WN9\nj9DZd658T98jLHnT09N9j9DZc06u9708F1teAIBSxAsAUIp4AQBKES8AQCniBQAoRbwAAKWIFwCg\nFPECAJQiXgCAUsQLAFCKeAEAShEvAEAp4gUAKEW8AACliBcAoBTxAgCUIl4AgFIWEi9rk1yS5Pok\n1yU5eaQTAQDsxeQCltme5LVJrkmyOsnVST6d5MYRzgUAsEcL2fJyR1q4JMlDadFy5MgmAgDYi67H\nvKxLcmySK4c/CgDA/LrEy+okFyU5JW0LDADAolvIMS9JsizJxUn+KsnHdn/wnLedtev6+g0bs37j\npmHMBgAcJLZtvS7bbr9uQcsuJF7Gkrw/yQ1J3r2nBU5/yxkLHg4AYHcr1hyTFWuO2XX7oasvnHPZ\nhew2emmS/5jkx5N8eXA5af9GBADYNwvZ8nJZfJgdAHCAECUAQCniBQAoRbwAAKWIFwCgFPECAJQi\nXgCAUsQLAFCKeAEAShEvAEAp4gUAKEW8AACliBcAoBTxAgCUIl4AgFLECwBQingBAEoRLwBAKWND\nWMf0yhNOG8JqFtGOR/ueoJM7Lj237xE6mxgfxrfW4tq+c7rvETpbNlHrdX7qCaf0PUJn91zxx32P\n0NlTTnxD3yN0N13s39/0VN8TdHbHlnf1PUInh62aTOboFFteAIBSxAsAUIp4AQBKES8AQCniBQAo\nRbwAAKWIFwCgFPECAJQiXgCAUsQLAFCKeAEAShEvAEAp4gUAKEW8AACliBcAoBTxAgCUIl4AgFLE\nCwBQingBAEoRLwBAKeIFAChFvAAApYgXAKAU8QIAlCJeAIBSxAsAUIp4AQBKES8AQCniBQAoRbwA\nAKWIFwCgFPECAJQiXgCAUsQLAFCKeAEAShEvAEAp4gUAKEW8AACliBcAoBTxAgCUIl4AgFLECwBQ\ningBAEoRLwBAKZPDWMl9m98+jNUsmh07p/oeoZOjX/+JvkfobMf2HX2P0Nn4RL2Wn56a7nuETu7+\n/Pl9j9DZs377or5H6Oy2S/6w7xE6mxwf63uETiYLvl8cc+on+x5haOq9+gDAQU28AACliBcAoBTx\nAgCUIl4AgFLECwBQingBAEoRLwBAKeIFAChFvAAApYgXAKAU8QIAlCJeAIBSxAsAUIp4AQBKES8A\nQCniBQAoZaHxMpHky0k+McJZAADmtdB4OSXJDUmmRzgLAMC8FhIvz0jy00n+W5Kx0Y4DALB3C4mX\n85K8McnUiGcBAJjXfPHyiiR3pR3vYqsLANC7yXkef0mSn0nbbbQyyaFJPpTkl2cvdPZbz9x1fcPG\nTdmwcdMwZwQAlrjv3/rVPHLbtQtadr54OX1wSZKNSd6Q3cIlSd78X8/sMB4AwOMdsvZHcsjaH9l1\n+/4rPzLnsl0/58XZRgBAr+bb8jLbpYMLAEBvfMIuAFCKeAEAShEvAEAp4gUAKEW8AACliBcAoBTx\nAgCUIl4AgFLECwBQingBAEoRLwBAKeIFAChFvAAApYgXAKAU8QIAlCJeAIBSxAsAUIp4AQBKGRvC\nOqZX/uhrhrCaRTQ+0fcEndx9+Xl9j9DZzqnpvkfobHKiXstPT9d6nZ+64dS+R+jsni3n9j1CZ095\n8cl9j9DdxLK+J+hmxaq+J+js3kve1vcInaxaPp7M0Sn13q0BgIOaeAEAShEvAEAp4gUAKEW8AACl\niBcAoBTxAgCUIl4AgFLECwBQingBAEoRLwBAKeIFAChFvAAApYgXAKAU8QIAlCJeAIBSxAsAUIp4\nAQBKES8AQCniBQAoRbwAAKWIFwCgFPECAJQiXgCAUsQLAFCKeAEAShEvAEAp4gUAKEW8AACliBcA\noBTxAgCUIl4AgFLECwBQingBAEoRLwBAKeIFAChFvAAApYgXAKAU8QIAlCJeAIBSxAsAUIp4AQBK\nES8AQCniBQAoZbLvAXoxUevL3jE13fcInY31PcA+2L5zqu8ROpscL/ZKT+3se4KDw7KVfU/Q3XSx\nf3+PPNT3BJ3t2FnvZ8lcbHkBAEoRLwBAKeIFAChFvAAApYgXAKAU8QIAlCJeAIBSxAsAUIp4AQBK\nES8AQCniBQAoRbwAAKWIFwCgFPECAJQiXgCAUsQLAFCKeAEASllIvByW5KIkNya5IcmLRzoRAMBe\nTC5gmfOTfDLJvx8s/4SRTgQAsBfzxcuTkqxP8iuD2zuS3D/SiQAA9mK+3UbPSnJ3kg8k+VKSC5Ks\nGvVQAABzmS9eJpMcl+RPB38+nOS0UQ8FADCX+XYb3Ta4fHFw+6LsIV62f/sLu66Pr16TiSeuGdZ8\nAMBBYMvmz2bL5ksXtOx88XJHkluTHJXk60leluT63RdadsSLOo4IAPCY9Rs2Zf2GTbtuv+MP3jrn\nsgs52+h3k3w4yfIk30ry6v0bDwBg3y0kXr6S5MdGPQgAwEL4hF0AoBTxAgCUIl4AgFLECwBQingB\nAEoRLwBAKeIFAChFvAAApYgXAKAU8QIAlCJeAIBSxAsAUIp4AQBKES8AQCniBQAoRbwAAKWIFwCg\nFPECAJQyOYyV3H3FHw9jNYtmfGys7xE6Wfdb/6PvETpbtmJZ3yN0Njk5lH8Oi6vWt3Lu2vLOvkfo\n7Lmv+3jfI3R23+f+qO8ROpuenu57hE4e3THV9widHf36et/Lc7HlBQAoRbwAAKWIFwCgFPECAJQi\nXgCAUsQLAFCKeAEAShEvAEAp4gUAKEW8AACliBcAoBTxAgCUIl4AgFLECwBQingBAEoRLwBAKeIF\nAChFvAAApYgXAKAU8QIAlCJeAIBSxAsAUIp4AQBKES8AQCniBQAoRbwAAKWIFwCgFPECAJQiXgCA\nUsQLAFCKeAEAShEvAEAp4gUAKEW8AACliBcAoBTxAgCUIl4AgFLECwBQingBAEoRLwBAKeIFAChF\nvAAApYgXAKCUyWGsZHp6GGtZPDuKDbxs+bK+R+hseqrWa5wkU1NTfY/Q2fZHt/c9wpK37fvb+h6h\ns23bd/Y9QmfjY2N9j9BJsR8jSWq+L8/FlhcAoBTxAgCUIl4AgFLECwBQingBAEoRLwBAKeIFAChF\nvAAApYgXAKAU8QIAlCJeAIBSxAsAUIp4AQBKES8AQCniBQAoRbwAAKWIFwCglIXEy+8nuT7JtUn+\nOsmKkU4EALAX88XLuiS/nuS4JC9IMpHkF0c8EwDAnCbnefyBJNuTrEqyc/Dn1lEPBQAwl/m2vNyb\n5F1Jbklye5LvJvnMqIcCAJjLfPHy7CS/l7b76Mgkq5P80ohnAgCY03y7jY5PcnmSewa3/zbJS5J8\nePZC55x91q7r6zdszPoNm4Y3IQCw5G3bel223X7dgpadL15uSvKWJIckeSTJy5J8YfeFTn/zGR1H\nBAB4zIo1x2TFmmN23X7o6gvnXHa+3UZfSfKhJFcl+ergvvft53wAAPtsvi0vSXLu4AIA0DufsAsA\nlCJeAIBSxAsAUIp4AQBKES8AQCniBQAoRbwAAKWIFwCgFPECAJQiXgCAUsQLAFCKeAEAShEvAEAp\n4gUAKEW8AACliBcAoBTxAgCUIl4AgFLGhrCO6ZUvOX0Iq1lEj36/7wk6uXPLO/seobPxYXxnMa/J\niVq/fxy+/rS+R+jsrkvO6XuEzn7opa/te4Tuxoq9aYxP9D1BZ/dcVutnyRNWjCdzdEqtdz4A4KAn\nXgCAUsQLAFCKeAEAShEvAEAp4gUAKEW8AACliBcAoBTxAgCUIl4AgFLECwBQingBAEoRLwBAKeIF\nAChFvAAApYgXAKAU8QIAlCJeAIBSxAsAUIp4AQBKES8AQCniBQAoRbwAAKWIFwCgFPECAJQiXgCA\nUsQLAFCKeAEAShEvAEAp4gUAKEW8AACliBcAoBTxAgCUIl4AgFLECwBQingBAEoRLwBAKeIFAChF\nvAAApYgXAKCUAzpedt5/c98jLHlbNn+27xGWvC2XfrbvEQ4KO++/pe8RlrydD97W9whL3s4Hbu17\nhBIO6HiZEi8jd9nmS/seYcnb4jVeFFMPiJdRmxIvIzf1oHhZiAM6XgAAdideAIBSxoawjs8m2TiE\n9QAAzLg0yaa+hwAAAAAAAAAAAAAAAAAOZP8fYOMF+RCdvpwAAAAASUVORK5CYII=\n",
       "text": [
        "<matplotlib.figure.Figure at 0x123a92190>"
       ]
      }
     ],
     "prompt_number": 600
    },
    {
     "cell_type": "code",
     "collapsed": false,
     "input": [
      "plt.plot(data)\n",
      "plt.title(\"parallel coordinates (rows)\")\n",
      "plt.show()\n",
      "\n",
      "plt.plot(data.T)\n",
      "plt.title(\"parallel coordinates (columns)\")\n",
      "plt.show()"
     ],
     "language": "python",
     "metadata": {},
     "outputs": [
      {
       "metadata": {},
       "output_type": "display_data",
