{
 "metadata": {
  "name": "",
  "signature": "sha256:5281c32f714837579dd05d3ab68c26df6bc2dfdf726f025ae861af259f8d218d"
 },
 "nbformat": 3,
 "nbformat_minor": 0,
 "worksheets": [
  {
   "cells": [
    {
     "cell_type": "code",
     "collapsed": false,
     "input": [
      "%matplotlib inline"
     ],
     "language": "python",
     "metadata": {},
     "outputs": [],
     "prompt_number": 29
    },
    {
     "cell_type": "code",
     "collapsed": false,
     "input": [
      "import numpy as np\n",
      "from matplotlib import pyplot as plt\n",
      "plt.rcParams['figure.figsize'] = (10.0, 8.0)\n",
      "\n",
      "from sklearn.datasets import make_biclusters\n",
      "from sklearn.datasets import samples_generator as sg\n",
      "# from sklearn.cluster.bicluster import SpectralCoclustering\n",
      "from sklearn.metrics import consensus_score"
     ],
     "language": "python",
     "metadata": {},
     "outputs": [],
     "prompt_number": 31
    },
    {
     "cell_type": "markdown",
     "metadata": {},
     "source": [
      "#Sintetic Dataset"
     ]
    },
    {
     "cell_type": "code",
     "collapsed": false,
     "input": [
      "%%latex\n",
      "Generated by:\n",
      "$$x_i = c + \\mathcal{N}(0,1)$$\n",
      "where $c$ is the center of the bicluster."
     ],
     "language": "python",
     "metadata": {},
     "outputs": [
      {
       "latex": [
        "Generated by:\n",
        "$$x_i = c + \\mathcal{N}(0,1)$$\n",
        "where $c$ is the center of the bicluster."
       ],
       "metadata": {},
       "output_type": "display_data",
       "text": [
        "<IPython.core.display.Latex at 0x118b19f10>"
       ]
      }
     ],
     "prompt_number": 56
    },
    {
     "cell_type": "code",
     "collapsed": false,
     "input": [
      "shape = (20,10)\n",
      "n, m = shape\n",
      "\n",
      "data, rows, columns = make_biclusters(\n",
      "    shape=shape,\n",
      "    n_clusters=4,\n",
      "    noise=10,\n",
      "    shuffle=False,\n",
      "    random_state=0\n",
      ")\n",
      "data"
     ],
     "language": "python",
     "metadata": {},
     "outputs": [
      {
       "metadata": {},
       "output_type": "pyout",
       "prompt_number": 132,
       "text": [
        "array([[ 60.83365107,  73.93595042,  67.0035926 ,  60.60996552,\n",
        "          4.43863233,   3.33674327,  14.94079073,  -2.05158264,\n",
        "          3.13067702,  -8.54095739],\n",
        "       [ 33.8633172 ,  65.92940131,  68.03757734,  51.97156515,\n",
        "         22.69754624, -14.54365675,   0.45758517,  -1.8718385 ,\n",
        "         15.32779214,  14.6935877 ],\n",
        "       [ 60.94268961,  63.17484055,  50.51535788,  39.58525067,\n",
        "         -3.47912149,   1.56348969,  12.30290681,  12.02379849,\n",
        "         -3.87326817,  -3.02302751],\n",
        "       [ 48.9076857 ,  45.19303598,  42.33051345,  78.90096931,\n",
        "         -5.09652182,  -4.38074302, -12.5279536 ,   7.77490356,\n",
        "        -16.13897848,  -2.1274028 ],\n",
        "       [ 50.43854974,  63.26224033,  54.28516398,  47.58689351,\n",
        "         -0.28182228,   4.28331871,   0.66517222,   3.02471898,\n",
        "         -6.34322094,  -3.62741166],\n",
        "       [ -6.72460448,  -3.59553162,  -8.13146282, -17.26282602,\n",
        "         76.1413044 ,  70.34923361,  58.0650595 ,  78.99486553,\n",
        "         -9.07298364,   0.51945396],\n",
        "       [  7.29090562,   1.28982911,  11.39400685, -12.3482582 ,\n",
        "         78.39045939,  67.51894206,  65.65907148,  68.57854633,\n",
        "         -3.11552532,   0.56165342],\n",
        "       [-11.65149841,   9.00826487,   4.6566244 , -15.36243686,\n",
        "         89.24956491,  93.32593473,  86.15483869,  72.56779462,\n",
        "        -10.70752622,  10.54451727],\n",
        "       [ -4.03176947,  12.2244507 ,   2.08274978,   9.76639036,\n",
        "         77.93070695,  81.43277466,  74.47204318,  92.22574791,\n",
        "          1.26912093,   4.01989363],\n",
        "       [ 18.83150697, -13.47759061, -12.70484998,   9.69396708,\n",
        "         62.63580892,  93.80325483,  70.23085317,  66.89249486,\n",
        "         19.22942026,  14.80514791],\n",
        "       [ 18.6755896 ,   9.06044658,  -8.61225685,  19.10064953,\n",
        "         71.68700926,  82.39160693,  83.83956265,  72.81694204,\n",
        "          6.1407937 ,   9.22206672],\n",
        "       [  3.76425531, -10.99400791,   2.98238174,  13.26385897,\n",
        "         -6.9456786 ,  -1.4963454 ,  -4.35153552,  18.49263728,\n",
        "         70.97165142,   4.07461836],\n",
        "       [ -7.69916074,   5.39249191,  -6.74332661,   0.31830558,\n",
        "         -6.35846078,   6.76433295,   5.76590817,  -2.08298756,\n",
        "         68.20877097, -10.93061509],\n",
        "       [-14.91257593,   4.39391701,   1.66673495,   6.35031437,\n",
        "         23.83144775,   9.44479487,  -9.12822225,  11.17016288,\n",
        "         51.08962974,  -4.61584605],\n",
        "       [ -0.68241605,  17.13342722,  -7.44754822,  -8.26438539,\n",
        "         -0.98452524,  -6.63478286,  11.26635922, -10.79931508,\n",
        "         52.77401732,  -4.37820045],\n",
        "       [ -4.98032451,  19.29532054,   9.49420807,   0.87551241,\n",
        "        -12.25435519,   8.44362976, -10.00215347, -15.44771097,\n",
        "         11.88029792,  62.20891259],\n",
        "       [  9.20858824,   3.18727653,   8.56830612,  -6.51025593,\n",
        "        -10.34242842,   6.81594518,  -8.03409664,  -6.89549778,\n",
        "         -4.55532504,  59.21427806],\n",
        "       [ -3.53993911, -13.74951293,  -6.43618403, -22.23403152,\n",
        "          6.25231451, -16.02057656, -11.04383339,   0.52165079,\n",
        "         -7.39562996,  74.46963242],\n",
        "       [-12.9285691 ,   2.67050869,  -0.39282818, -11.68093498,\n",
        "          5.23276661,  -1.71546331,   7.71790551,   8.23504154,\n",
        "         21.63235949,  72.40476596],\n",
        "       [ -3.69181838,  -2.39379178,  10.99659596,   6.55263731,\n",
        "          6.40131526, -16.16956044,  -0.24326124,  -7.38030909,\n",
        "          2.79924599,  58.05798257]])"
       ]
      }
     ],
     "prompt_number": 132
    },
    {
     "cell_type": "code",
     "collapsed": false,
     "input": [
      "plt.matshow(data, cmap=plt.cm.Blues)\n",
      "plt.title(\"Original dataset\")"
     ],
     "language": "python",
     "metadata": {},
     "outputs": [
      {
       "metadata": {},
       "output_type": "pyout",
       "prompt_number": 125,
       "text": [
        "<matplotlib.text.Text at 0x10e632850>"
       ]
      },
      {
       "metadata": {},
       "output_type": "display_data",
       "png": "iVBORw0KGgoAAAANSUhEUgAAAPwAAAHyCAYAAADP1qOjAAAABHNCSVQICAgIfAhkiAAAAAlwSFlz\nAAALEgAACxIB0t1+/AAAFL5JREFUeJzt3X2Q3HV9wPH3cbmH5HLJJSSTkABJBHkqQhQkgCAMVIut\nWlu1I9r6OJVxWqtjbetDW7GtRQeUOrZaRYH4UGhFa9UZq+i0EiDhQZ4VqAghCeSSkOTydJeQXK5/\nfH/LbY69u73Nfm/3/LxfMze529v77Pcu997f3t7ed0GSJEmSJEmSJEmSwvkwcE2G847nIPCCKs97\nOfC1Ol2u9Gvj7cCDwB5gI/B5YHYjFzSGiQT/MaoP/nrg72tZ0ARN1uVMaUc0egG/xv4c+GTx7yzg\nbGAJcDPQNsrHtE7O0iTV0yxgF/CGEad3AZuBdxRvXw7cRDpa7gDexfNvLr8VeBJ4BvhrYC1wUdnH\nl867lHSULp1/C/CRsjlnAauB7cDTwOc49IpnrCP8MuCnwE7gR8XHlq/xm6RbMH3F+U4pTn838Cyw\nj/T1+K/i9A8BjxXzfg68rmzW8cWMvuJzuLHsfSeRrjC3Ao8AbxzncqRJcQmwn8q3oK4H/q14/XLS\nN+pri7c7OfTm8imkb+BzSXFeWZy/FHz5eZeSov0i0AGcBuwFTize/xJS9EeQbmn8Anhf2brGCn41\ncFWxhvNJoX617P1vJ12ZtQFXA/eWve864O9GzHsDsLB4/Q+A3cCC4u0bSPdNALQXnzvF/PXA24rP\nYTnpCuHkMS5HI3iTPo95pCPywQrv6y3eX3I78N3i9b1AS9n73lC873bSFcjfAkNl7y8/b8nHSUe6\nB4D7SWEA3APcWazpSeBLwAVVfC7HAmcCf1OsYRXwvRGXfT3pfor9xeWfDnSPsc6bSF8HgP8Afkm6\nMoJ0hbYUWFy8fntx+quBJ4CVxedwH/Btho/yLRUuRyMYfB7PkKKu9PU9inRkKtkwxpxFI94/QLo5\nO5bestf7SUdGgBOA75Nueu8APgEcOc6s0hq2F5dd8mTZ662k+yoeK+Y+UZxefqU20ltJtwK2Fy+n\nlp3/L0nh3gk8xPCPP0uAFWUfsx14M8O3DMqvCDUKg89jNeko+/oRp88k3dz/SdlpY32jPg0cXfb2\ndKqLtJIvkG7GH0/6TcFHqe7/fyMwB5hRdtoShtf9ZtKPJBcXc5cVp5eOtiM/vyWkWxd/AswtZj9U\ndv5NpJ/JFwOXkX6zcRywjvSz/Zyyl+5iTqXLUQUGn8cO0k3bzwG/RfrZdinp5ut6qv+V1reA1wDn\nkH6evZzab7bOJN0f0E+68+s9VX7ck8DdpM+nDTiPdPO6fO4+YBvp1sQ/jvj4TRx630AXKc5nSN9/\n7yAd4UveyPCVXF9x3kHSrZMTgD8s1tEGvLT4XCpdjiow+HyuJN1LfhXpCmANKZ6LST/rQvpmHnlk\nKj/t58B7SfdUP00KdjMpsEofP9ZR7oOko/FO0hH2xgl87JtJN6e3ke5HWFn2vq8Wn9dTpCP16hGz\nvkK683E76WfuXwCfLs7XS4r91rLzn0n6WpXubf8z0m8mdgOvBN5UXNZG4ArSFWGly5GmvJmkK4sl\njV6IpDxeQ/r5uQv4V+BnjV2OpJyuId1M7SM96OSFjV2OJEmSJEmSJEmSJEmSJEmSJKkOLiFtSPhL\n4K8avJZqHAP8D+lPVx8i/fnmVNBK2mXme41eSJV6SFthPUz6k9qzG7uccX2Y9D3xIGnPwo7GLqc5\ntZK2RlpK2tDgPoY3JWxWCxneJ24m8CjNv2aADwDfYHj/vGa3Enhn8fo0mnc/f0jfv48zHPm/kzbb\nbDqN3gDjLFLwa0l/530j8LuNXFAVeklXTJA2ZXiYtO9bMzsa+G3gy0yNjR5nk3bHvbZ4+wBpE5Fm\ntZP0/TuDdOU0g7RJR9NpdPCLSVs+lWwoTpsqlgIvBu5o8DrGczXwF1TeRbcZLSNt9Hkdabfdazh0\nT71ms420i8860s5EfcCPG7qiUTQ6+Km88eBM0s+Y7yMd6ZvVq0nbYt3L1Di6QzpKvoS0geVLSFtg\nf6ihKxrbccD7SQeARaTvjbc0ckGjaXTwT5HuBCs5hrG3bW4WbaQNJr8OfKfBaxnPuaRdZZ8gPcnD\nRRz6JBLNaEPxclfx9k2k8JvVmaT987eSfvz4NsNPoKEy04Bfka4Z25kad9q1kIK5utELqcEFTJ17\n6W8h7VILabfeTzVuKeM6nfQbm+mk74+VDG+frRFeRbqn+zGGn2KomZ3H8DOf3Fu8XNLQFVXvAqbO\nvfSnk47w95OOmM18Lz2kJ9Ao/VpuJaM/YagkSZIkSZIkTYLpx7yo9LxnvvjiyyS+rDj3/CFGkfOR\nV0Mnf/iHVZ1xy6qvMf/8P6rqvBvXbxn/TDXq7umu+rw77riB2SsurW7urM5alzSu69+1ourzfumz\nV/Du91X3m8+WTN8ZG3b1V33eG79wFW96zwerPv8Lj6z+/28i9u6v/hHJX/ynK7js/dX/dvnIme3j\nn2mCls2fDqO03ehH2kmaRAYvBdIUwc849rRGL2HCOhaf2uglTNgZK85r9BIm5NQzp97D0c84u7m/\nxk0RfNeS0xu9hAnrPPpFjV7ChJ1x9vmNXsKEnPrSqRf8mU3+NW6K4CVNjsMJfqrtRSeFV2vwrcA/\nk6I/BbiU5v+zVim8WoOfinvRSeHVGvxU34tOCqnW4Ed96J6k5jWtxo+rai+6Lau+9tzrM449bUr+\n+k1qdmtuu4U1t91S1XlrfcT0NNK2VBeTtuW9k3TH3cNl56n6sfQT0SyPpZ/Q3CZ5LP1ENMNj6Seq\nGR5LP1GT/Vj6Wo/wB4A/BX5Iusf+Kxwau6QmVGvwAD8oXiRNET7STgrE4KVADF4KxOClQAxeCuRw\n7qUf16vOPrbuM2/as6/uM0sO7D+QZe68eV1Z5gLcs3l7lrm//xt5Hind1jr1jjHrd+7JNnvDznyP\nS6hk6n31JdXM4KVADF4KxOClQAxeCsTgpUAMXgrE4KVADF4KxOClQAxeCsTgpUAMXgrE4KVADF4K\nxOClQAxeCsTgpUAMXgrE4KVADF4KxOClQLJuU/2DNevqPrO9Pd+SjzvuyCxzl8yfmWUuwAVL5meZ\nu2HbQJa5vbv3ZpkL0JLpOa5Pmj8ry1yAoaFsoyvyCC8FYvBSIAYvBWLwUiAGLwVi8FIgBi8FYvBS\nIAYvBWLwUiAGLwVi8FIgBi8FYvBSIAYvBWLwUiAGLwVi8FIgBi8FYvBSIAYvBZJ119pjFtd/t88Z\nHfmW3NnemmXujd+8K8tcgI9cdHyWubm+zst7erLMBfjVpj1Z5s6f1ZFlLkBvX75dfCvxCC8FYvBS\nIAYvBWLwUiAGLwVi8FIgBi8FYvBSIAYvBWLwUiAGLwVi8FIgBi8FYvBSIAYvBWLwUiAGLwVi8FIg\nBi8FYvBSIAYvBWLwUiBZt6neP3iw7jMfenRL3WeWzJ/flWXuha84NctcgIFnB7PM3be//v93AHsz\nrRdgeqZtxrfv2Z9lLkDrES3ZZlfiEV4KxOClQAxeCsTgpUAMXgrE4KVADF4KxOClQAxeCsTgpUAM\nXgrE4KVADF4KxOClQAxeCsTgpUAMXgrE4KVADF4KxOClQAxeCiTnlplDj23qr/vQHDvhlnS05dn1\ndM6MtixzAY5559ezzO3qzrOD78LFc7LMBXj0gbVZ5j5yzVuyzAXoy7Aj7vIls2CUtj3CS4EYvBSI\nwUuBGLwUiMFLgRi8FMjhPJnkWmAnMAjsB86qx4Ik5XM4wQ8BFwLb6rMUSbkd7k36yX2uW0mH5XCC\nHwJ+DNwN/HF9liMpp8O5Sf8yYCMwH7gZeARYVY9FScrjcILfWPy7BfhP0p12hwT/2Sv/4bnXV5z7\ncs5+2csP4+IkVXLX6lXcvaa6Y22tP4PPAFqBXUAX8CPg48W/Jf7xTME/nhnmH88carL/eKbWI/wC\n0lG9NOMbHBq7pCZUa/BPAMvruRBJ+flIOykQg5cCMXgpEIOXAjF4KRCDlwI5nEfajat3x966z+zq\nyLfkddvr/0AhgBctnp1lLsDggcEsc6e15/k69/UNZJkLMHfB3Cxz+/fl+Ro3gkd4KRCDlwIxeCkQ\ng5cCMXgpEIOXAjF4KRCDlwIxeCkQg5cCMXgpEIOXAjF4KRCDlwIxeCkQg5cCMXgpEIOXAjF4KRCD\nlwIxeCkQg5cCybpN9dL59X+O8cc27a77zJKezvYsc9ta812vDm38VZa5Wx+/N8tcZi/IMxfoWnJ8\nlrnd0/Nl8kjvrmyzK/EILwVi8FIgBi8FYvBSIAYvBWLwUiAGLwVi8FIgBi8FYvBSIAYvBWLwUiAG\nLwVi8FIgBi8FYvBSIAYvBWLwUiAGLwVi8FIgBi8FknXX2l0D++s+s//AgbrPLJnVmefL8eCGHVnm\nAhyxKM9OrQcH+rPM7eiZnWUuwJ6H1mSZ+8yu38kyF6Cnsy3b7Eo8wkuBGLwUiMFLgRi8FIjBS4EY\nvBSIwUuBGLwUiMFLgRi8FIjBS4EYvBSIwUuBGLwUiMFLgRi8FIjBS4EYvBSIwUuBGLwUiMFLgRi8\nFEjWbarv2bi97jMvPn5B3WeWHBwayjK3L8N23SWLlx2VZe76m7+fZW7noguzzAWYdc5FWeY+tCXf\nNuPdbVkTfB6P8FIgBi8FYvBSIAYvBWLwUiAGLwVi8FIgBi8FYvBSIAYvBWLwUiAGLwVi8FIgBi8F\nYvBSIAYvBWLwUiAGLwVi8FIgBi8FYvBSIJO7ZWYdPLxxZ7bZS4/syjL3qT0DWeYCbH8m046qR52Q\nZeyOtWuzzAXoWnR0lrnHz56ZZS7A3sHBbLMr8QgvBWLwUiAGLwVi8FIgBi8FYvBSIOMFfy2wCXiw\n7LS5wM3A/wE/AnryLE1SvY0X/HXAJSNO+xAp+BOAnxRvS5oCxgt+FTDyOZ9fC6wsXl8JvK7ei5KU\nRy0/wy8g3cyn+DffE7ZLqqvDvdNuqHiRNAXU8lj6TcBCoBc4Ctg82hm/9cXPPPf6yWecwylnnlPD\nxUkay3133Mp9d95W1XlrCf67wNuATxX/fme0M77+sg/UMF7SRCxfcR7LV5z33Nsr/+XKUc873k36\nG4DbgROB9cA7gE8CryD9Wu6i4m1JU8B4R/hLRzn9N+u9EEn5+Ug7KRCDlwIxeCkQg5cCMXgpEIOX\nAmnJOHvorsf76j70qJ7Ous8s6d2xL8/c3fl2rT15wawscweezbOb6rTWfMeYe57elmXu+z+/Ostc\ngO9/5JV1n3nWcT0wStse4aVADF4KxOClQAxeCsTgpUAMXgrE4KVADF4KxOClQAxeCsTgpUAMXgrE\n4KVADF4KxOClQAxeCsTgpUAMXgrE4KVADF4KxOClQAxeCqSW54ev2tyZ7XWfuWFbvi2f53V3ZJnb\n1ppvN/CDQ3nm7hw4kGXuERk3Rj9tQU+WudPa82WyaE6+bdcr8QgvBWLwUiAGLwVi8FIgBi8FYvBS\nIAYvBWLwUiAGLwVi8FIgBi8FYvBSIAYvBWLwUiAGLwVi8FIgBi8FYvBSIAYvBWLwUiAGLwWSddfa\n7s76j9+669m6zyzZObA/y9y9+w9mmQtw6/qtWeaecmR3lrkvmNeVZS7Ao5t3ZZl7wokLsswF2LNv\nMNvsSjzCS4EYvBSIwUuBGLwUiMFLgRi8FIjBS4EYvBSIwUuBGLwUiMFLgRi8FIjBS4EYvBSIwUuB\nGLwUiMFLgRi8FIjBS4EYvBSIwUuBGLwUSNZtqnt37Kv7zLU799R9ZskZi+dkmTunpSXLXIDuznlZ\n5k5vb80yN9dW0gAnL5yVZe6BA/m2GR/KNrkyj/BSIAYvBWLwUiAGLwVi8FIgBi8FYvBSIAYvBWLw\nUiAGLwVi8FIgBi8FYvBSIAYvBWLwUiAGLwVi8FIgBi8FYvBSIAYvBWLwUiBZd63tmFb/65N9g/l2\nEF23rT/L3DnT27PMBZg/qyPL3Mc2784y96QFeXaWBZjelmen3Y++6sQscwFee/Ut2WZX4hFeCsTg\npUAMXgrE4KVADF4KZLzgrwU2AQ+WnXY5sAG4t3i5JMvKJNXdeMFfx/ODHgI+A7y4ePnvDOuSlMF4\nwa8Ctlc4Pd/ToUrKptaf4d8L3A98Beip33Ik5VRL8F8AlgHLgY3Ap+u6IknZ1PLQ2s1lr38Z+N5o\nZ/zcVZ947vWzzj2fFee+vIaLkzSW/nUP0L/ugarOW0vwR5GO7AC/x6H34B/ivR/8aA3jJU3EjGNP\nY8axpz339rbbvzHqeccL/gbgAmAesB74GHAh6eb8EPAEcNlhrVbSpBkv+EsrnHZtjoVIys9H2kmB\nGLwUiMFLgRi8FIjBS4EYvBSIwUuBZN219ukdA3WfedLc7rrPLOnfP5hl7szOfF/mwYNDWeZOa8nz\nB5EHMq0XYMfA/ixzl83tyjIXoKMja4LP4xFeCsTgpUAMXgrE4KVADF4KxOClQAxeCsTgpUAMXgrE\n4KVADF4KxOClQAxeCsTgpUAMXgrE4KVADF4KxOClQAxeCsTgpUAMXgrE4KVAsu6Ru3BWZ91nzulq\nr/vMkt17D2SZu3ju9CxzAe5b25dl7omL8mwHvvfZPFuBAzyzK8821d3T82Wy7vHebLMr8QgvBWLw\nUiAGLwVi8FIgBi8FYvBSIAYvBWLwUiAGLwVi8FIgBi8FYvBSIAYvBWLwUiAGLwVi8FIgBi8FYvBS\nIAYvBWLwUiAGLwWSddfanhltdZ/51LaBus8smdbakmXu1t3PZpkL0JJnyfT27c0yd/uePDvLAhxk\nKMvcn/VuyzIXYFpb1gSfxyO8FIjBS4EYvBSIwUuBGLwUiMFLgRi8FIjBS4EYvBSIwUuBGLwUiMFL\ngRi8FIjBS4EYvBSIwUuBGLwUiMFLgRi8FIjBS4EYvBSIwUuBZN0jt6+//lsSd7a31n1myVM7+rPM\n3bNvMMvcnBb2dGaZO3gwz1bSADM783w7d7Xny+ToJfPrPnPrGO/zCC8FYvBSIAYvBWLwUiAGLwVi\n8FIgBi8FYvBSIAYvBWLwUiAGLwVi8FIgBi8FYvBSIAYvBWLwUiAGLwXSFMHfefstjV7ChN1/522N\nXsKE3XPHrY1ewoTctXpVo5cwYXevae41N0nwzf1FqsTg87t7Cgb/szXN/TVuiuAlTQ6DlwJpyTj7\nf4ELMs6XVNlPgQsbvQhJkiRJkiRJklTu/wHT9Cr1epnd6AAAAABJRU5ErkJggg==\n",
       "text": [
        "<matplotlib.figure.Figure at 0x10d0f1650>"
       ]
      }
     ],
     "prompt_number": 125
    },
    {
     "cell_type": "code",
     "collapsed": false,
     "input": [
      "data_shuffled, row_idx, col_idx = sg._shuffle(data, random_state=0)\n",
      "data_shuffled"
     ],
     "language": "python",
     "metadata": {},
     "outputs": [
      {
       "metadata": {},
       "output_type": "pyout",
       "prompt_number": 126,
       "text": [
        "array([[ -1.71546331,  -0.39282818, -11.68093498,   5.23276661,\n",
        "          2.67050869, -12.9285691 ,  72.40476596,  21.63235949,\n",
        "          8.23504154,   7.71790551],\n",
        "       [-14.54365675,  68.03757734,  51.97156515,  22.69754624,\n",
        "         65.92940131,  33.8633172 ,  14.6935877 ,  15.32779214,\n",
        "         -1.8718385 ,   0.45758517],\n",
        "       [-16.16956044,  10.99659596,   6.55263731,   6.40131526,\n",
        "         -2.39379178,  -3.69181838,  58.05798257,   2.79924599,\n",
        "         -7.38030909,  -0.24326124],\n",
        "       [ 81.43277466,   2.08274978,   9.76639036,  77.93070695,\n",
        "         12.2244507 ,  -4.03176947,   4.01989363,   1.26912093,\n",
        "         92.22574791,  74.47204318],\n",
        "       [ 82.39160693,  -8.61225685,  19.10064953,  71.68700926,\n",
        "          9.06044658,  18.6755896 ,   9.22206672,   6.1407937 ,\n",
        "         72.81694204,  83.83956265],\n",
        "       [-16.02057656,  -6.43618403, -22.23403152,   6.25231451,\n",
        "        -13.74951293,  -3.53993911,  74.46963242,  -7.39562996,\n",
        "          0.52165079, -11.04383339],\n",
        "       [ 67.51894206,  11.39400685, -12.3482582 ,  78.39045939,\n",
        "          1.28982911,   7.29090562,   0.56165342,  -3.11552532,\n",
        "         68.57854633,  65.65907148],\n",
        "       [  9.44479487,   1.66673495,   6.35031437,  23.83144775,\n",
        "          4.39391701, -14.91257593,  -4.61584605,  51.08962974,\n",
        "         11.17016288,  -9.12822225],\n",
        "       [  4.28331871,  54.28516398,  47.58689351,  -0.28182228,\n",
        "         63.26224033,  50.43854974,  -3.62741166,  -6.34322094,\n",
        "          3.02471898,   0.66517222],\n",
        "       [  1.56348969,  50.51535788,  39.58525067,  -3.47912149,\n",
        "         63.17484055,  60.94268961,  -3.02302751,  -3.87326817,\n",
        "         12.02379849,  12.30290681],\n",
        "       [ 70.34923361,  -8.13146282, -17.26282602,  76.1413044 ,\n",
        "         -3.59553162,  -6.72460448,   0.51945396,  -9.07298364,\n",
        "         78.99486553,  58.0650595 ],\n",
        "       [ -6.63478286,  -7.44754822,  -8.26438539,  -0.98452524,\n",
        "         17.13342722,  -0.68241605,  -4.37820045,  52.77401732,\n",
        "        -10.79931508,  11.26635922],\n",
        "       [ 93.80325483, -12.70484998,   9.69396708,  62.63580892,\n",
        "        -13.47759061,  18.83150697,  14.80514791,  19.22942026,\n",
        "         66.89249486,  70.23085317],\n",
        "       [ 93.32593473,   4.6566244 , -15.36243686,  89.24956491,\n",
        "          9.00826487, -11.65149841,  10.54451727, -10.70752622,\n",
        "         72.56779462,  86.15483869],\n",
        "       [  6.81594518,   8.56830612,  -6.51025593, -10.34242842,\n",
        "          3.18727653,   9.20858824,  59.21427806,  -4.55532504,\n",
        "         -6.89549778,  -8.03409664],\n",
        "       [ -1.4963454 ,   2.98238174,  13.26385897,  -6.9456786 ,\n",
        "        -10.99400791,   3.76425531,   4.07461836,  70.97165142,\n",
        "         18.49263728,  -4.35153552],\n",
        "       [ -4.38074302,  42.33051345,  78.90096931,  -5.09652182,\n",
        "         45.19303598,  48.9076857 ,  -2.1274028 , -16.13897848,\n",
        "          7.77490356, -12.5279536 ],\n",
        "       [  3.33674327,  67.0035926 ,  60.60996552,   4.43863233,\n",
        "         73.93595042,  60.83365107,  -8.54095739,   3.13067702,\n",
        "         -2.05158264,  14.94079073],\n",
        "       [  8.44362976,   9.49420807,   0.87551241, -12.25435519,\n",
        "         19.29532054,  -4.98032451,  62.20891259,  11.88029792,\n",
        "        -15.44771097, -10.00215347],\n",
        "       [  6.76433295,  -6.74332661,   0.31830558,  -6.35846078,\n",
        "          5.39249191,  -7.69916074, -10.93061509,  68.20877097,\n",
        "         -2.08298756,   5.76590817]])"
       ]
      }
     ],
     "prompt_number": 126
    },
    {
     "cell_type": "code",
     "collapsed": false,
     "input": [
      "plt.matshow(data_shuffled, cmap=plt.cm.Blues)\n",
      "plt.title(\"Shuffled dataset\")"
     ],
     "language": "python",
     "metadata": {},
     "outputs": [
      {
       "metadata": {},
       "output_type": "pyout",
       "prompt_number": 127,
       "text": [
        "<matplotlib.text.Text at 0x10e65fad0>"
       ]
      },
      {
       "metadata": {},
       "output_type": "display_data",
       "png": "iVBORw0KGgoAAAANSUhEUgAAAPwAAAHyCAYAAADP1qOjAAAABHNCSVQICAgIfAhkiAAAAAlwSFlz\nAAALEgAACxIB0t1+/AAAFTRJREFUeJzt3XuY1XWdwPE3zAwDDHcVuYji3cxWTEFAEJ+sVldrK6sn\n26fttmXpdnnW7bKWT24XynYV2zQfMzUr13KtXOupDbspiHfALMGygsQABVEGkPvsH99z5DDO9czv\nyznj5/16nnlm5szhc34znPf5/c5lvgOSJEmSJEmSJEmS9JLzLmBBH/79G4EngFbgeOBoYCmwEfgQ\n8E3gc1XO7s2/nQzsBgZWeVmqAf+z8pgFLAKeBdYDC4GTCpr9n8D5wHDgYeDjwC+AEcBXgbbSWzX6\n8m+7chrpRiq3fXU5/VZjrTfgJWgE8GPgPOAWoBmYDWwrYPYA4GDg0YrTDiHduLQ/X18uQy9R7uGL\ndxRpL/m90vutwB3AI+3O9x/AM8CfgDMqTl8BnF7x+SXAt4FBpMP4BtKe/XHSnv004ErSIf2RHWzP\n2aRD/g3A3cArKr52ArC49G+/Cwzu4vsaSDq6eBr4I3BWu6+/m3RDtLH09feXTm8BfgpMKG3/RmAc\nMA24p7RdfyUdnTRVzJsHrAWeA34DvLx0enNpO1YCa4CrS9vd2eVIWQ0H1pHuD58BjG739XcB24H3\nkvamHwCerPj6n4FXVXz+GVLwZbuBwyo+/xXwnorPb2DP/fATSNFMLV3WP5bmN5FuQFYCHyHdiJxT\n2q7PdvJ9fQBYBkwsfU+/AnaxZ6fxd8ChpY9PBTaXLh9gDi8+1H4lKfqBpKOUR0vbAvC3wIOkoyVI\nj1OU450H3AaMAoYBtwNzu7gcVXAPX7xW0n34NuBa4Cngf4GxFedZCVxXOs+3gPHtvt5b7Q/Dy/fD\n3w9cAzxQcVnbgBnAdNJduq+Qwv1+6XydeSsptidJe+W57S73J6QbE4C7gPmkuzIdbR+kI4v7STdg\nK4Gvk4IF2EG64XwZ6Tr6GGlvPgB4H/AvpMdHNgFfBN7WxeWogsHnsZx0iDsJOI50mHlFxdfXVHy8\npfR+WB8ur7MH2g4BLiQFWn47iHQDM4G9jywghddZNOPZe+/5l3ZfPxO4l/Qg5QbSHn+/Lrb5KNJj\nHatJh+1fqDj/L0l3U64iHaFcQ7oBOAAYCjxU8f38FNi/i8tRBYPP7zHgRlL4PbGZdH+0bHwfLvsv\npJBGV7wNIz2+sJp0eF7pEDq/8VhNesCwrPLjZtIRwpdJRyqjSXv88o1HRzOvJh3GHwGMBD7F3tfH\nr5Ke2TiWdOPwMdLjB8+XTit/P6PYc+if4xmGlxSDL97RpEPOckyTgHNJD1D1xFLSIWoj6Qp/Dt1f\nkQe0+7j8+bWk+97TSqe1kB5sG0Z6ZH8n8GHSffo3ke7rd+aW0nnL9+E/WfG1QaW3daRD9DOB11Z8\nfS1p7z2i4rRhpLs/W4BjgA9WfJ8nASeXtmsL6YHPXey5m3QFaW9PaXvKl9XR5aiCwRevlXRlvY90\nH/Me0qPMF5a+3tFz3ZWfXwwcTjpcvQS4qYvzdnRa5fyHSPd5ryQ9I/AH0gN3kO4nv4n0IOJ60n30\n73fxfV0L/Iz0DMGDpfOWL6eVdGNwS+lyziU9blG2HLiZ9IzEM6QH4P4VeDvp0fSvk54lKBtROu0Z\n0rMW60jPagB8gvQMxb2kuwJ3kI4AOrscSZIkSZIkSZIkSZIkSZIkSZIkSZKkgp1B+rXGP5B+9bHe\nTSKt5/Y74LekXwvtDxqAJcCPar0hPTQKuJW0jt6jpCW56tm/ka4TjwD/TVoURO00kH63eTJpsYOl\npHXM6tk4YErp42GkFW3qfZshLcpxE2nRx/7gRvYsztlIWhWnXk0m/Q5+OfLvAe+s2dZ0odYLYEwj\nBb+CtCDDd4G/r+UG9cAa0g0TpAUulpHWh6tnB5HWmPsG/WOhx5GkBTCvL32+k7TYRb3aSLr+DiXd\nOA3lxesF1oVaBz+RvRdGXMWL11mrZ5NJSzHfV+Pt6M480ppwu2u9IT10KGn9uhtIq9teS4qoXj0D\nXEZaQ/CvpBV1f17TLepErYPvz4sODiPdx/wIaU9fr84mLZW9hP6xd4e0l3wl8LXS+83svYZevTkc\n+ChpBzCBdN34h1puUGdqHfyTpAfByiaR9vL1rom0ptt3SH8UoZ7NBF5PWjP+ZtIfufhWTbeoe6tK\nb+V18m8lhV+vTiItCrqedPfjB6Sfu9ppJP1ZosmkVU/7w4N2A0jBzKv1hlRhDv3nUfq72LM45SXA\npbXblG4dT3rGZgjp+nEjcEFNt6iOnUl6pPtx0lMb9W4W6b7wUtJh8hL2/ttw9WwO/edR+uNJe/iH\nSXvMen6UHtJf8S0/LXcje/+dPEmSJEmSJEnax06aPqv8N8588823ffg2ZerMNjqR85VXbb9d1dqj\nM1512VwuuPCiHp131+5Ov5c+2294z3/B6bIvfY4LP3lxj867av2W7s9UpaaGnr926porvsh5H+3Z\nM58TRg+udpO6dNxHf9Dj825ZcitDT3hzj8//5Q/OqGaTunXEqOE9Pu8NX72Ud3+o57/0OTBDgrOP\nHgOdtF3rV9pJ2ocMXgqkLoKfOmN2rTeh12bMOrXWm9BrJ06fVetN6JWmccfWehN6bcq0U2q9CV2q\ni+Cnzex/wc+cNafWm9BrJ03vXz/npvH9L/gTTq7vG9W6CF7SvtGX4PvbWnRSeNUG3wBcSYr+WOBc\n6v/XWqXwqg2+P65FJ4VXbfD9fS06KaRqg8/3cjdJ2TRW+e96tBbdVZfNfeHjqTNm98un36R6t+S+\nhSy5f2GPzlvtC3kbSctSnU5alvd+0gN3yyrO0+PX0vdGvbyWvjfq5bX0vVEPr6XvrXp4LX1v7evX\n0le7h98J/DPwM9Ij9texd+yS6lC1wQP8tPQmqZ/wlXZSIAYvBWLwUiAGLwVi8FIgWde0e2rj9sKH\nTvnEjwufWXbEkWOzzH37jHyvOp578yNZ5r759COzzD118qgscwHaMr0A9Mj98j0Pv3NX8ds85ZAR\n4Jp2kgxeCsTgpUAMXgrE4KVADF4KxOClQAxeCsTgpUAMXgrE4KVADF4KxOClQAxeCsTgpUAMXgrE\n4KVADF4KxOClQAxeCsTgpUAMXgok6zLV6zbtKHzo4r9sKHxm2bCmpmyzcxk5NM82D8x0zXjbNffm\nGQxc966pWeaObsl3vdi0dWfhM48/2GWqJWHwUigGLwVi8FIgBi8FYvBSIAYvBWLwUiAGLwVi8FIg\nBi8FYvBSIAYvBWLwUiAGLwVi8FIgBi8FYvBSIAYvBWLwUiAGLwWSddXawWddWfjQRVe9o/CZZc8+\nX/wquwBnX3x7lrkAt15yVpa5h45pyTI3xyqtZY0NefZfM950cZa5AM3HnFT4zOduege4aq0kg5cC\nMXgpEIOXAjF4KRCDlwIxeCkQg5cCMXgpEIOXAjF4KRCDlwIxeCkQg5cCMXgpEIOXAjF4KRCDlwIx\neCkQg5cCMXgpEIOXAmnMOn33rsJHjm4ZVPjMst+t25hl7tDhQ7PMBRjS2JBl7uLVG7LMndAyJMtc\ngMENeX4WLcdNzzIXYPNfV2Wb3RH38FIgBi8FYvBSIAYvBWLwUiAGLwVi8FIgBi8FYvBSIAYvBWLw\nUiAGLwVi8FIgBi8FYvBSIAYvBWLwUiAGLwVi8FIgBi8FYvBSIAMyzm5bt2lH4UOf3Vz8zLKJY/Ks\nqLp0xbNZ5gIcOrYly9wNm7dnmTv9Yz/MMhdg8bxzssxtfX5nlrkA+w8vfhXmg8YMhk7adg8vBWLw\nUiAGLwVi8FIgBi8FYvBSIH35Y5IrgI3ALmAHMK2IDZKUT1+CbwNOA54pZlMk5dbXQ/qcL9yRVLC+\nBN8G/Bx4EHhfMZsjKae+HNKfAqwGDgDuAJYDC4rYKEl59CX41aX3TwM/JD1ot1fwl37hsy98fMrs\nOcw6dU4fLk5SRxYtvJN7Ft7Vo/NWex98KNAAtAItwHzg30vvy/zlmRJ/eWYPf3lmb/v6l2eq3cMf\nSNqrl2fcxN6xS6pD1Qb/Z2BKkRsiKT9faScFYvBSIAYvBWLwUiAGLwVi8FIgWVetnXh+8S+yuP6C\nUwqfWfaKiSOzzD38vd/JMhdg0eVvyTJ387Y8LzYZ1tyXF3d2bVBjnv3Xqz+X7yUmTc1Nhc9c+ZXX\ngavWSjJ4KRCDlwIxeCkQg5cCMXgpEIOXAjF4KRCDlwIxeCkQg5cCMXgpEIOXAjF4KRCDlwIxeCkQ\ng5cCMXgpEIOXAjF4KRCDlwIxeCmQrMtU/2r5usKHjhxc/LK+ZVt37M4yd8lT+f4+/NRxo7PMnXzA\n0CxzN2zekWUuwHnfW5pl7kWvPTLLXICjxw4vfOYh+w8Bl6mWZPBSIAYvBWLwUiAGLwVi8FIgBi8F\nYvBSIAYvBWLwUiAGLwVi8FIgBi8FYvBSIAYvBWLwUiAGLwVi8FIgBi8FYvBSIAYvBZJ11dr7/1j8\naq0fufXhwmeWjRzenGXupWcfm2UuwDn/tTDL3EmTRmaZ+7W3HJ9lLkBjQ57913Nb8q202ziw+ASn\nHDICXLVWksFLgRi8FIjBS4EYvBSIwUuBGLwUiMFLgRi8FIjBS4EYvBSIwUuBGLwUiMFLgRi8FIjB\nS4EYvBSIwUuBGLwUiMFLgRi8FIjBS4E0Zh3eUPwSvIMH59vkcaOGZJk7qLH/3a6uWbMpy9y2tixj\nAdi5a3eWuU9v2ZZlLkBbzh9IB/rfNVFS1QxeCsTgpUAMXgrE4KVADF4KxOClQAxeCsTgpUAMXgrE\n4KVADF4KxOClQAxeCsTgpUAMXgrE4KVADF4KxOClQAxeCsTgpUCyrlp75ufnFz7zni+eXfjMstFD\nm7LMnfSe72SZC/DAvDdnmdvUkGdfsGnrzixzAUa15Pn/e+Onb88yF+Dov5mcbXZH3MNLgRi8FIjB\nS4EYvBSIwUuBGLwUSHfBXw+sBR6pOG0McAfwe2A+MCrPpkkqWnfB3wCc0e60T5KCPwr4RelzSf1A\nd8EvADa0O+31wI2lj28E3lD0RknKo5r78AeSDvMpvT+wuM2RlFNfH7RrK71J6geqeS39WmAcsAYY\nDzzV2Rk3PXTLCx8PGv9yBk14eRUXJ6krm1YsZdOKh3t03mqCvx14J3Bp6f1tnZ1x2IlvrWK8pN4Y\nNnkKwyZPeeHztXd+u9PzdndIfzOwCDgaeAJ4N/Al4DWkp+VeVfpcUj/Q3R7+3E5Of3XRGyIpP19p\nJwVi8FIgBi8FYvBSIAYvBWLwUiADMs5ue3ztlsKHDsi4xQMzDc+5UuuydRuzzD1m/xFZ5g5qzLeP\n+aebFmeZe/N7pmaZC7BsTfH/f689dix00rZ7eCkQg5cCMXgpEIOXAjF4KRCDlwIxeCkQg5cCMXgp\nEIOXAjF4KRCDlwIxeCkQg5cCMXgpEIOXAjF4KRCDlwIxeCkQg5cCMXgpEIOXAsm6TPXgKRcUPvRP\nv7688Jlly1e3Zpl73vUPZJkLsODTp2eZ+4vH12aZ29LY3R8srl7rjjzLgV/0zTzLXwNs37a98Jlr\nr30LuEy1JIOXAjF4KRCDlwIxeCkQg5cCMXgpEIOXAjF4KRCDlwIxeCkQg5cCMXgpEIOXAjF4KRCD\nlwIxeCkQg5cCMXgpEIOXAjF4KZB8S4gCDCh+Udwn1j9f+MyyVxw0MsvcJ+5ekGUuwPLV07LMnXPY\n2Cxzl63emGUuwImTRmeZu6V1S5a5AJtXPp5tdkfcw0uBGLwUiMFLgRi8FIjBS4EYvBSIwUuBGLwU\niMFLgRi8FIjBS4EYvBSIwUuBGLwUiMFLgRi8FIjBS4EYvBSIwUuBGLwUiMFLgRi8FEjx60jv0Xb3\n758pfOjOtrbCZ5ZNHDUky9xBjfluV9c+tzXL3E3bd2aZ++GblmSZC/A/58/MMrepIV8mAzIs5X7Y\nAUOgk7bdw0uBGLwUiMFLgRi8FIjBS4EYvBSIwUuBGLwUiMFLgRi8FIjBS4EYvBSIwUuBGLwUiMFL\ngRi8FIjBS4EYvBSIwUuBGLwUiMFLgWRdtfa3q1oLH7p1x+7CZ5at2fR8lrkvO3BElrkAzZlWxF39\nbJ7VcDMuOszZc+dnmXvF+TOyzAV45YQxhc88ZnwLuGqtJIOXAjF4KRCDlwIxeCmQ7oK/HlgLPFJx\n2iXAKmBJ6e2MLFsmqXDdBX8DLw66DbgcOKH09n8ZtktSBt0FvwDY0MHpOZ+/l5RJtffhPwQ8DFwH\njCpucyTlVE3wVwOHAlOA1cBlhW6RpGwaq/g3T1V8/A3gR52d8arL5r7w8dQZs5k2c3YVFyepK/ct\nuov7Fy3o0XmrCX48ac8O8Eb2fgR/LxdceFEV4yX1xskzT+Xkmae+8Hnljra97oK/GZgD7A88AXwG\nOI10ON8G/Bk4r09bK2mf6S74czs47focGyIpP19pJwVi8FIgBi8FYvBSIAYvBWLwUiAGLwWSddXa\n5as3Fz70kvmPFT6z7LbbFmeZ+5urO3o5QzE+/qNHs8zdsm1nlrmXv+G4LHMBxo0anGXusieLX325\n7PADWwqfOWFUM7hqrSSDlwIxeCkQg5cCMXgpEIOXAjF4KRCDlwIxeCkQg5cCMXgpEIOXAjF4KRCD\nlwIxeCkQg5cCMXgpEIOXAjF4KRCDlwIxeCkQg5cC6e7PRfdJ6/M7Cp959wNPFD6z7LCXTcoy99nN\nxf8cyn59Z55lu8dPOiDL3JbmfFe5FU9vyTJ3dEtTlrkA961cn212R9zDS4EYvBSIwUuBGLwUiMFL\ngRi8FIjBS4EYvBSIwUuBGLwUiMFLgRi8FIjBS4EYvBSIwUuBGLwUiMFLgRi8FIjBS4EYvBSIwUuB\nDMg4u+3Ox4pfkXN3W1vhM8tGDxmUZe4BI5qzzAX45R+fyjJ32sQxWea+bt5dWeYCfOWdJ2aZO/Xg\n0VnmAmzZvqvwmQfvNxg6ads9vBSIwUuBGLwUiMFLgRi8FIjBS4EYvBSIwUuBGLwUiMFLgRi8FIjB\nS4EYvBSIwUuBGLwUiMFLgRi8FIjBS4EYvBSIwUuBGLwUiMFLgWRdpnrRHzYUPnRsxiWfN2/bmWXu\n0ObGLHMB1rduyzI319LazY359jHTPvWTLHPnf+o1WeYCbNpa/HVu+hGjwWWqJRm8FIjBS4EYvBSI\nwUuBGLwUiMFLgRi8FIjBS4EYvBSIwUuBGLwUiMFLgRi8FIjBS4EYvBSIwUuB1EXwi+9bWOtN6LUH\n7llQ603otYfu7V8/50UL76z1JvTa/Yvq+3ph8FV6sB8G399+zvcsvKvWm9Br9b4jqIvgJe0bBi8F\nknPV2l8DczLOl9SxO4HTar0RkiRJkiRJkiSp0v8DjAtI0BiFcN8AAAAASUVORK5CYII=\n",
       "text": [
        "<matplotlib.figure.Figure at 0x10e6386d0>"
       ]
      }
     ],
     "prompt_number": 127
    },
    {
     "cell_type": "markdown",
     "metadata": {},
     "source": [
      "#Biclustering algorithm: \u03b4-biclustering (Cheng & Church or CC)"
     ]
    },
    {
     "cell_type": "code",
     "collapsed": false,
     "input": [
      "%%latex\n",
      "Define Mean Square Residue (MSR) $H(I,J)$:\n",
      "$$H(I,J) = \\frac{1}{|I||J|} \\sum_{i \\in I} \\sum_{j \\in J} (a_{ij} - a_{Ij} - a_{iJ} + a_{IJ})^2$$\n",
      "where:\n",
      "$$a_{iJ} = \\frac{1}{|J|} \\sum_{j \\in J} a_{ij}$$\n",
      "$$a_{Ij} = \\frac{1}{|I|} \\sum_{i \\in I} a_{ij}$$\n",
      "$$a_{IJ} = \\frac{1}{|I||J|} \\sum_{i \\in I, j \\in J} a_{ij}$$"
     ],
     "language": "python",
     "metadata": {},
     "outputs": [
      {
       "latex": [
        "Define Mean Square Residue (MSR) $H(I,J)$:\n",
        "$$H(I,J) = \\frac{1}{|I||J|} \\sum_{i \\in I} \\sum_{j \\in J} (a_{ij} - a_{Ij} - a_{iJ} + a_{IJ})^2$$\n",
        "where:\n",
        "$$a_{iJ} = \\frac{1}{|J|} \\sum_{j \\in J} a_{ij}$$\n",
        "$$a_{Ij} = \\frac{1}{|I|} \\sum_{i \\in I} a_{ij}$$\n",
        "$$a_{IJ} = \\frac{1}{|I||J|} \\sum_{i \\in I, j \\in J} a_{ij}$$"
       ],
       "metadata": {},
       "output_type": "display_data",
       "text": [
        "<IPython.core.display.Latex at 0x10d81e250>"
       ]
      }
     ],
     "prompt_number": 133
    },
    {
     "cell_type": "code",
     "collapsed": false,
     "input": [
      "class MSR:\n",
      "    def __init__(self, data):\n",
      "        n,m = (len(data), len(data[0]))\n",
      "        self.aiJ = 1.0/m * np.sum(data, axis=0)\n",
      "        self.aIj = 1.0/n * np.sum(data, axis=1)\n",
      "        self.aIJ = 1.0/(n*m) * np.sum(data)\n",
      "\n",
      "        # it could be changed to change the shape of aiJ and aIj to simplify the code\n",
      "        #   by calculating H in a vectorized way, but it'd spend more memory\n",
      "        self.H = 0\n",
      "        self.HiJ = np.zeros(m)\n",
      "        self.HIj = np.zeros(n)\n",
      "        for i in xrange(n):\n",
      "            for j in xrange(m):\n",
      "                self.H += ( data[i,j] - self.aIj[i] - self.aiJ[j] + self.aIJ )**2\n",
      "                self.HiJ[j] += ( data[i,j] - self.aIj[i] - self.aiJ[j] + self.aIJ )**2\n",
      "        self.H *= 1.0/(n*m)\n",
      "        self.HIj *= 1.0/n\n",
      "\n",
      "        for j in xrange(m):\n",
      "            for i in xrange(n):\n",
      "                self.HIj[i] += ( data[i,j] - self.aIj[i] - self.aiJ[j] + self.aIJ )**2\n",
      "        self.HiJ *= 1.0/m\n",
      "\n",
      "\n",
      "msr = MSR(data_shuffled)\n",
      "print msr.H\n",
      "print msr.HiJ\n",
      "print msr.HIj"
     ],
     "language": "python",
     "metadata": {},
     "outputs": [
      {
       "output_type": "stream",
       "stream": "stdout",
       "text": [
        "951.094399534\n",
        "[ 2837.75893709  1315.33062966  1447.16418787  2398.57706148  1558.42010405\n",
        "  1086.00403132  2183.23188845  1716.06993616  2322.44585377  2156.88536082]\n",
        "[  7619.89172562  11705.42595613   7536.87046469   8936.05261856\n",
        "   7296.72766455  10511.28293956   7067.99476636   5858.35687491\n",
        "  11497.46275822  10802.72148073   9532.04329495   7637.43282491\n",
        "   8234.33057701  12396.21610758   7594.68830207   9270.84492154\n",
        "  14744.01921826  14505.10507239   8555.78613872   8915.62620003]\n"
       ]
      }
     ],
     "prompt_number": 172
    },
    {
     "cell_type": "code",
     "collapsed": false,
     "input": [
      "def remove_unique_nodes(data, delta, I=None, J=None):\n",
      "    if not I:\n",
      "        I = np.arange(len(data))\n",
      "    if not J:\n",
      "        J = np.arange(len(data[0]))\n",
      "    \n",
      "    while (msr.H > delta):\n",
      "        msr = MSR(data)\n",
      "\n",
      "        lines_idxs_to_remove = np.argmax(msr.HIj)\n",
      "        cols_idxs_to_remove = np.argmax(msr.HiJ)\n",
      "        if msr.HIj[lines_idxs_to_remove] > msr.HiJ[cols_idxs_to_remove]:\n",
      "            I = np.remove(I, lines_idxs_to_remove)\n",
      "            data = data[I]\n",
      "        else:\n",
      "            J = np.remove(J, cols_idxs_to_remove)\n",
      "            data = data[:,J]\n",
      "    return (data,I,J)"
     ],
     "language": "python",
     "metadata": {},
     "outputs": [],
     "prompt_number": 196
    },
    {
     "cell_type": "code",
     "collapsed": false,
     "input": [
      "def remove_multiple_nodes(data, delta, alpha, I=None, J=None):\n",
      "    if not I:\n",
      "        I = np.arange(len(data))\n",
      "    if not J:\n",
      "        J=np.arange(len(data[0]))\n",
      "\n",
      "    removal_ocurred = True\n",
      "\n",
      "    msr = MSR(data,shape)\n",
      "    while (msr.H > delta):\n",
      "        # remove lines first\n",
      "        lines_idxs_to_remove = np.nonzero(msr.HIj > alpha*msr.H)[0]\n",
      "        if len(lines_idxs_to_remove) > 0:\n",
      "            I = np.remove(I, line_idxs_to_remove)\n",
      "            data = data[I]\n",
      "        else:\n",
      "            removal_ocurred = False\n",
      "\n",
      "        msr = MSR(data)\n",
      "\n",
      "        cols_idxs_to_keep = np.nonzero(msr.HiJ > alpha*msr.H)[0]\n",
      "        if len(cols_idxs_to_keep) > 0:\n",
      "            J = np.remove(I, cols_idxs_to_keep)\n",
      "            data = data[:, J]\n",
      "        else:\n",
      "            if not removal_ocurred:\n",
      "                return remove_unique_node(data, delta, I, J)\n",
      "\n",
      "    return (data,I,J)"
     ],
     "language": "python",
     "metadata": {},
     "outputs": [],
     "prompt_number": 199
    },
    {
     "cell_type": "code",
     "collapsed": false,
     "input": [
      "def add_nodes(data, I, J):\n",
      "    msr = MSR(data)\n",
      "    "
     ],
     "language": "python",
     "metadata": {},
     "outputs": []
    },
    {
     "cell_type": "code",
     "collapsed": false,
     "input": [
      "d = np.array([1, 2, 3, 4, 5])\n",
      "def a(x):\n",
      "    return x[[0, 1, 2]]\n",
      "\n",
      "print a(d)\n",
      "print d"
     ],
     "language": "python",
     "metadata": {},
     "outputs": [
      {
       "output_type": "stream",
       "stream": "stdout",
       "text": [
        "[1 2 3]\n",
        "[1 2 3 4 5]\n"
       ]
      }
     ],
     "prompt_number": 163
    },
    {
     "cell_type": "code",
     "collapsed": false,
     "input": [
      "d = np.array([0,2,2,0,0])\n",
      "print np.nonzero(d>3)[0]"
     ],
     "language": "python",
     "metadata": {},
     "outputs": [
      {
       "output_type": "stream",
       "stream": "stdout",
       "text": [
        "[]\n"
       ]
      }
     ],
     "prompt_number": 192
    },
    {
     "cell_type": "code",
     "collapsed": false,
     "input": [
      "row_idx = np.array([0, 1, 3])\n",
      "col_idx = np.array([0, 2])\n",
      "\n",
      "data[:, col_idx]"
     ],
     "language": "python",
     "metadata": {},
     "outputs": [
      {
       "metadata": {},
       "output_type": "pyout",
       "prompt_number": 171,
       "text": [
        "array([[ 60.83365107,  67.0035926 ],\n",
        "       [ 33.8633172 ,  68.03757734],\n",
        "       [ 60.94268961,  50.51535788],\n",
        "       [ 48.9076857 ,  42.33051345],\n",
        "       [ 50.43854974,  54.28516398],\n",
        "       [ -6.72460448,  -8.13146282],\n",
        "       [  7.29090562,  11.39400685],\n",
        "       [-11.65149841,   4.6566244 ],\n",
        "       [ -4.03176947,   2.08274978],\n",
        "       [ 18.83150697, -12.70484998],\n",
        "       [ 18.6755896 ,  -8.61225685],\n",
        "       [  3.76425531,   2.98238174],\n",
        "       [ -7.69916074,  -6.74332661],\n",
        "       [-14.91257593,   1.66673495],\n",
        "       [ -0.68241605,  -7.44754822],\n",
        "       [ -4.98032451,   9.49420807],\n",
        "       [  9.20858824,   8.56830612],\n",
        "       [ -3.53993911,  -6.43618403],\n",
        "       [-12.9285691 ,  -0.39282818],\n",
        "       [ -3.69181838,  10.99659596]])"
       ]
      }
     ],
     "prompt_number": 171
    },
    {
     "cell_type": "code",
     "collapsed": false,
     "input": [],
     "language": "python",
     "metadata": {},
     "outputs": []
    }
   ],
   "metadata": {}
  }
 ]
}